Applications Graphics Acceleration Info:
Uptime: 372219499 Realtime: 1334140962

** Graphics info for pid 2609 [io.dcloud.uniappx] **

Stats since: 372196927302026ns
Total frames rendered: 737
Janky frames: 50 (6.78%)
Janky frames (legacy): 103 (13.98%)
50th percentile: 5ms
90th percentile: 10ms
95th percentile: 13ms
99th percentile: 22ms
Number Missed Vsync: 16
Number High input latency: 555
Number Slow UI thread: 34
Number Slow bitmap uploads: 0
Number Slow issue draw commands: 27
Number Frame deadline missed: 50
Number Frame deadline missed (legacy): 79
HISTOGRAM: 5ms=386 6ms=136 7ms=83 8ms=32 9ms=15 10ms=18 11ms=15 12ms=12 13ms=12 14ms=7 15ms=4 16ms=3 17ms=5 18ms=0 19ms=0 20ms=1 21ms=0 22ms=3 23ms=1 24ms=0 25ms=0 26ms=0 27ms=0 28ms=0 29ms=0 30ms=0 31ms=1 32ms=0 34ms=1 36ms=1 38ms=1 40ms=0 42ms=0 44ms=0 46ms=0 48ms=0 53ms=0 57ms=0 61ms=0 65ms=0 69ms=0 73ms=0 77ms=0 81ms=0 85ms=0 89ms=0 93ms=0 97ms=0 101ms=0 105ms=0 109ms=0 113ms=0 117ms=0 121ms=0 125ms=0 129ms=0 133ms=0 150ms=0 200ms=0 250ms=0 300ms=0 350ms=0 400ms=0 450ms=0 500ms=0 550ms=0 600ms=0 650ms=0 700ms=0 750ms=0 800ms=0 850ms=0 900ms=0 950ms=0 1000ms=0 1050ms=0 1100ms=0 1150ms=0 1200ms=0 1250ms=0 1300ms=0 1350ms=0 1400ms=0 1450ms=0 1500ms=0 1550ms=0 1600ms=0 1650ms=0 1700ms=0 1750ms=0 1800ms=0 1850ms=0 1900ms=0 1950ms=0 2000ms=0 2050ms=0 2100ms=0 2150ms=0 2200ms=0 2250ms=0 2300ms=0 2350ms=0 2400ms=0 2450ms=0 2500ms=0 2550ms=0 2600ms=0 2650ms=0 2700ms=0 2750ms=0 2800ms=0 2850ms=0 2900ms=0 2950ms=0 3000ms=0 3050ms=0 3100ms=0 3150ms=0 3200ms=0 3250ms=0 3300ms=0 3350ms=0 3400ms=0 3450ms=0 3500ms=0 3550ms=0 3600ms=0 3650ms=0 3700ms=0 3750ms=0 3800ms=0 3850ms=0 3900ms=0 3950ms=0 4000ms=0 4050ms=0 4100ms=0 4150ms=0 4200ms=0 4250ms=0 4300ms=0 4350ms=0 4400ms=0 4450ms=0 4500ms=0 4550ms=0 4600ms=0 4650ms=0 4700ms=0 4750ms=0 4800ms=0 4850ms=0 4900ms=0 4950ms=0
50th gpu percentile: 2ms
90th gpu percentile: 4ms
95th gpu percentile: 6ms
99th gpu percentile: 8ms
GPU HISTOGRAM: 1ms=82 2ms=516 3ms=42 4ms=39 5ms=16 6ms=13 7ms=15 8ms=12 9ms=2 10ms=0 11ms=0 12ms=0 13ms=0 14ms=0 15ms=0 16ms=0 17ms=0 18ms=0 19ms=0 20ms=0 21ms=0 22ms=0 23ms=0 24ms=0 25ms=0 4950ms=0

Pipeline=Skia (OpenGL)
Memory policy:
  Max surface area: 4608000
  Max resource usage: 221.18MB (x48)
  Background retention: 50% (altUiHidden = true)
  GPU Context timeout: 10
Contexts: 1 (stopped = 0)
CPU Caches:
  Glyph Cache: 930.99 KB (1 entry)
  Glyph Count: 69 
Total CPU memory usage:
  953333 bytes, 930.99 KB (0.00 bytes is purgeable)
GPU Caches:
  Other:
    Other: 52.30 KB (1 entry)
    Buffer Object: 2.05 KB (2 entries)
  Image:
    Texture: 3.16 MB (7 entries)
  Scratch:
    Texture: 2.00 MB (1 entry)
    Buffer Object: 78.00 KB (2 entries)
Total GPU memory usage:
  5542136 bytes, 5.29 MB (1.36 MB is purgeable)

Profile data in ms:

	io.dcloud.uniappx/io.dcloud.uniappxv.UniAppActivity/android.view.ViewRootImpl@b3de62a (visibility=0)
Window: io.dcloud.uniappx/io.dcloud.uniappxv.UniAppActivity
Stats since: 372196927300984ns
Total frames rendered: 738
Janky frames: 50 (6.78%)
Janky frames (legacy): 103 (13.96%)
50th percentile: 5ms
90th percentile: 10ms
95th percentile: 13ms
99th percentile: 22ms
Number Missed Vsync: 16
Number High input latency: 556
Number Slow UI thread: 34
Number Slow bitmap uploads: 0
Number Slow issue draw commands: 27
Number Frame deadline missed: 50
Number Frame deadline missed (legacy): 79
HISTOGRAM: 5ms=387 6ms=136 7ms=83 8ms=32 9ms=15 10ms=18 11ms=15 12ms=12 13ms=12 14ms=7 15ms=4 16ms=3 17ms=5 18ms=0 19ms=0 20ms=1 21ms=0 22ms=3 23ms=1 24ms=0 25ms=0 26ms=0 27ms=0 28ms=0 29ms=0 30ms=0 31ms=1 32ms=0 34ms=1 36ms=1 38ms=1 40ms=0 42ms=0 44ms=0 46ms=0 48ms=0 53ms=0 57ms=0 61ms=0 65ms=0 69ms=0 73ms=0 77ms=0 81ms=0 85ms=0 89ms=0 93ms=0 97ms=0 101ms=0 105ms=0 109ms=0 113ms=0 117ms=0 121ms=0 125ms=0 129ms=0 133ms=0 150ms=0 200ms=0 250ms=0 300ms=0 350ms=0 400ms=0 450ms=0 500ms=0 550ms=0 600ms=0 650ms=0 700ms=0 750ms=0 800ms=0 850ms=0 900ms=0 950ms=0 1000ms=0 1050ms=0 1100ms=0 1150ms=0 1200ms=0 1250ms=0 1300ms=0 1350ms=0 1400ms=0 1450ms=0 1500ms=0 1550ms=0 1600ms=0 1650ms=0 1700ms=0 1750ms=0 1800ms=0 1850ms=0 1900ms=0 1950ms=0 2000ms=0 2050ms=0 2100ms=0 2150ms=0 2200ms=0 2250ms=0 2300ms=0 2350ms=0 2400ms=0 2450ms=0 2500ms=0 2550ms=0 2600ms=0 2650ms=0 2700ms=0 2750ms=0 2800ms=0 2850ms=0 2900ms=0 2950ms=0 3000ms=0 3050ms=0 3100ms=0 3150ms=0 3200ms=0 3250ms=0 3300ms=0 3350ms=0 3400ms=0 3450ms=0 3500ms=0 3550ms=0 3600ms=0 3650ms=0 3700ms=0 3750ms=0 3800ms=0 3850ms=0 3900ms=0 3950ms=0 4000ms=0 4050ms=0 4100ms=0 4150ms=0 4200ms=0 4250ms=0 4300ms=0 4350ms=0 4400ms=0 4450ms=0 4500ms=0 4550ms=0 4600ms=0 4650ms=0 4700ms=0 4750ms=0 4800ms=0 4850ms=0 4900ms=0 4950ms=0
50th gpu percentile: 2ms
90th gpu percentile: 4ms
95th gpu percentile: 6ms
99th gpu percentile: 8ms
GPU HISTOGRAM: 1ms=83 2ms=516 3ms=42 4ms=39 5ms=16 6ms=13 7ms=15 8ms=12 9ms=2 10ms=0 11ms=0 12ms=0 13ms=0 14ms=0 15ms=0 16ms=0 17ms=0 18ms=0 19ms=0 20ms=0 21ms=0 22ms=0 23ms=0 24ms=0 25ms=0 4950ms=0


RenderLite trim renderNode error: 0

---PROFILEDATA---
Flags,FrameTimelineVsyncId,IntendedVsync,Vsync,InputEventId,HandleInputStart,AnimationStart,PerformTraversalsStart,DrawStart,FrameDeadline,FrameInterval,FrameStartTime,SyncQueued,SyncStart,IssueDrawCommandsStart,SwapBuffers,FrameCompleted,DequeueBufferDuration,QueueBufferDuration,GpuCompleted,SwapBuffersCompleted,DisplayPresentTime,CommandSubmissionCompleted,
0,100909508,372215474754093,372215474754093,0,372215475340925,372215475343216,372215476434727,372215476635300,372215486420760,372215475308425,8297942,372215476975821,372215477021498,372215477251029,372215478084675,372215479843685,10834,211979,372215479843685,372215478716185,372215498732331,372215478084675,
0,100909516,372215483046783,372215483046783,0,372215483586914,372215483589414,372215484694831,372215484874310,372215494713450,372215483556341,8297856,372215485210664,372215485253425,372215485480716,372215486320039,372215488117279,10834,217135,372215488117279,372215486964518,372215507038060,372215486320039,
0,100909524,372215491343838,372215491343838,0,372215491879518,372215491881654,372215492910768,372215493076654,372215503010505,372215491846862,8297654,372215493379987,372215493418633,372215493618633,372215494396446,372215496168841,9219,194688,372215496168841,372215494977748,372215515316133,372215494396446,
0,100909532,372215499639472,372215524530799,0,372215531590664,372215531595456,372215532730768,372215532919102,372215511306139,372215531541810,8297109,372215533317748,372215533355664,372215533604258,372215534451810,372215536271393,16719,247239,372215536271393,372215535133998,372215548595768,372215534451810,
0,100909540,372215532821436,372215532821436,0,372215533845456,372215533847018,372215534457018,372215534583529,372215552791684,372215533823945,8297063,372215534813893,372215535222123,372215535367956,372215535987070,372215537614362,6875,192708,372215537614362,372215536409154,372215556842800,372215535987070,
0,100909548,372215541118499,372215541118499,0,372215541586602,372215541588789,372215542465195,372215542616602,372215561088747,372215541558581,8296492,372215542904050,372215542940195,372215543139206,372215543859935,372215545564362,9062,195989,372215545564362,372215544474310,372215565151185,372215543859935,
0,100909556,372215549406425,372215549406425,0,372215549888841,372215549890820,372215550820925,372215550982123,372215569385239,372215549857331,8298830,372215551298164,372215551335456,372215551547591,372215552368529,372215554067904,10000,191927,372215554067904,372215552960091,372215573456289,372215552368529,
0,100909564,372215557740436,372215557740436,0,372215558258893,372215558261706,372215559266237,372215559439935,372215577684069,372215558225977,8298803,372215559776602,372215559820716,372215560080977,372215560920195,372215562670352,12083,208385,372215562670352,372215561570352,372215581936393,372215560920195,
0,100909572,372215566038814,372215566038814,0,372215566571706,372215566574050,372215567583841,372215567750404,372215585982872,372215566539623,8298968,372215568118268,372215568163737,372215568388477,372215569211914,372215570964050,11094,207865,372215570964050,372215569845873,372215590145248,372215569211914,
0,100909580,372215574343938,372215574343938,0,372215574911133,372215574913477,372215578082800,372215578297227,372215594281840,372215574876758,8299170,372215578733633,372215578786133,372215579097748,372215580209935,372215582315404,15885,363020,372215582315404,372215581084518,372215598314102,372215580209935,
0,100909588,372215582648722,372215582648722,0,372215583426758,372215583429831,372215584970404,372215585195508,372215602581010,372215583387591,8299170,372215585663789,372215585706862,372215585904570,372215586738320,372215588540300,12760,216198,372215588540300,372215587375560,372215606649518,372215586738320,
0,100909596,372215590996318,372215590996318,0,372215591548008,372215591550352,372215592650820,372215592885977,372215610880180,372215591504987,8302507,372215593315925,372215593350352,372215593534727,372215594321185,372215596102591,11822,203802,372215596102591,372215594938477,372215614953008,372215594321185,
0,100909604,372215599308143,372215599308143,0,372215599764623,372215599766654,372215600880456,372215601112175,372215619182687,372215599728112,8301779,372215602546185,372215602591550,372215602793008,372215603944675,372215605592695,11354,242604,372215605592695,372215604633841,372215623268373,372215603944675,
0,100909612,372215607593874,372215607593874,0,372215608180039,372215608190716,372215609446602,372215609687018,372215627484466,372215608141289,8301552,372215610378633,372215610418581,372215610609883,372215611703268,372215613324102,13437,218645,372215613324102,372215612363789,372215631550820,372215611703268,
0,100909620,372215615889310,372215615889310,0,372215616600091,372215616607279,372215617803008,372215618042591,372215635786018,372215616550716,8301552,372215618480143,372215618521289,372215618708685,372215619808060,372215621409518,11198,206511,372215621409518,372215620474987,372215639843737,372215619808060,
0,100909628,372215624185262,372215624185262,0,372215624816237,372215624819518,372215626026393,372215626259518,372215644087570,372215624776445,8301320,372215626744518,372215626792123,372215626989102,372215628144831,372215629639050,11979,203125,372215629639050,372215628784258,372215648143268,372215628144831,
0,100909636,372215632485233,372215632485233,0,372215633111966,372215633115143,372215634252748,372215634491602,372215652388890,372215633070612,8301310,372215634706393,372215634770716,372215634964362,372215635824258,372215637633477,12500,200364,372215637633477,372215636474518,372215656432539,372215635824258,
0,100909701,372215715484133,372215715484133,0,372215716290872,372215716295143,372215716892383,372215718053372,372215727150800,372215716235352,8301034,372215718583477,372215718693685,372215719123529,372215720882800,372215722932175,31979,536718,372215722932175,372215722224466,372215739548164,372215720882800,
0,100910193,372216304924245,372216304924245,0,372216305596341,372216305599622,372216306158945,372216307532539,372216316590912,372216305542122,8301765,372216308159154,372216308261445,372216308754414,372216310552383,372216313029101,29167,753281,372216313029101,372216312207018,372216328828320,372216310552383,
0,100910439,372216595390311,372216595390311,0,372216595990976,372216595992591,372216596730820,372216596988528,372216607056978,372216595964153,8301013,372216598087018,372216598138737,372216598434101,372216599722226,372216605736914,16928,316093,372216605736914,372216605046341,372216619369726,372216599722226,
0,100910446,372216603691324,372216603691324,0,372216604283476,372216604285195,372216605238789,372216605452122,372216615357991,372216604254674,8301013,372216605765664,372216605822955,372216606000195,372216607022955,372216608623268,10105,194375,372216608623268,372216607610716,372216627652018,372216607022955,
0,100910693,372216893783124,372216893783124,0,372216894410872,372216894413997,372216895050820,372216896519362,372216905449791,372216894356966,8289342,372216897108789,372216897247851,372216897786653,372216900469414,372216902597487,36511,740521,372216902597487,372216902099466,372216918184935,372216900469414,
0,100911177,372217490615748,372217490615748,0,372217491188580,372217491191028,372217491620559,372217494036966,372217502282415,372217491154674,8289342,372217495608163,372217495652747,372217495915611,372217497264726,372217498842174,17292,314636,372217498842174,372217497998736,372217515786757,372217497264726,
0,100911184,372217498905090,372217498905090,0,372217499452122,372217499453424,372217499796809,372217499975768,372217510571757,372217499418372,8289342,372217500366757,372217500406809,372217500555351,372217501398736,372217502877278,7813,194688,372217502877278,372217501954830,372217524107018,372217501398736,
0,100911200,372217516768860,372217516768860,0,372217517399674,372217517402330,372217517844466,372217518512018,372217528435527,372217517350611,8333333,372217518819361,372217518887643,372217519164518,372217520449934,372217523103580,15052,449271,372217523103580,372217521229674,372217540678893,372217520449934,
0,100911215,372217533460333,372217533460333,0,372217534039674,372217534042382,372217534483111,372217534690143,372217545127000,372217534004518,8333333,372217535199205,372217535254413,372217535511184,372217537130872,372217538769778,12812,320260,372217538769778,372217537964726,372217557284830,372217537130872,
0,100911265,372217599623134,372217599623134,0,372217600393684,372217600396705,372217600905351,372217601281393,372217611289801,372217600339830,8294400,372217602026601,372217602138580,372217602613424,372217604414830,372217606664153,27605,509219,372217606664153,372217605632955,372217623718424,372217604414830,
0,100911826,372218279763934,372218279763934,0,372218280347590,372218280349569,372218281243215,372218281599153,372218291430601,372218280314674,8294400,372218282290090,372218282364934,372218282741965,372218283992799,372218291208163,26563,307657,372218291208163,372218290221965,372218304308684,372218283992799,
0,100911833,372218288058334,372218288058334,0,372218288496653,372218288498632,372218289258892,372218289464361,372218299725001,372218288463059,8294400,372218289817174,372218290354830,372218290615142,372218291517226,372218293344049,9896,249531,372218293344049,372218292199361,372218312570819,372218291517226,
0,100911841,372218296352734,372218296352734,0,372218296989361,372218296992069,372218298028684,372218298287851,372218308019401,372218296944153,8294400,372218298759205,372218298805299,372218299074622,372218299969778,372218301805872,13750,256302,372218301805872,372218300706757,372218320909101,372218299969778,
0,100911849,372218305423842,372218305423842,0,372218306011132,372218306013163,372218306899569,372218307140507,372218317090509,372218305972590,8333333,372218307582382,372218307624153,372218307867590,372218308801392,372218310631809,11666,218177,372218310631809,372218309462017,372218329163788,372218308801392,
0,100911857,372218313642017,372218313642017,0,372218314226184,372218314228319,372218315099882,372218315332278,372218325308684,372218314184205,8333333,372218315755819,372218315797330,372218316072486,372218316964778,372218318726809,12917,213698,372218318726809,372218317618319,372218337481132,372218316964778,
0,100911865,372218321929333,372218321929333,0,372218322577382,372218322579101,372218323640351,372218323880351,372218333596000,372218322532851,8333333,372218324409778,372218324453319,372218324706757,372218325545038,372218327382017,10833,211875,372218327382017,372218326180455,372218345754778,372218325545038,
0,100911873,372218330262666,372218330262666,0,372218330790924,372218330792955,372218331731809,372218331947590,372218341929333,372218330753684,8333333,372218332436653,372218332502122,372218332751080,372218333630559,372218336275194,11615,250937,372218336275194,372218334148372,372218354083007,372218333630559,
0,100911881,372218338595999,372218338595999,0,372218339301809,372218339303944,372218340482330,372218340779309,372218350262666,372218339251809,8333333,372218341270038,372218341315924,372218341612017,372218342606601,372218344839778,14271,285000,372218344839778,372218343411184,372218362348424,372218342606601,
0,100911889,372218346929332,372218346929332,0,372218347619205,372218347621913,372218348546340,372218348784361,372218358595999,372218347567538,8333333,372218349228267,372218349277799,372218349527746,372218350373840,372218352180871,14114,241198,372218352180871,372218351049465,372218370677590,372218350373840,
0,100911897,372218355262665,372218355262665,0,372218355903788,372218355906549,372218357673528,372218357960715,372218366929332,372218355854413,8295971,372218358874726,372218358925246,372218359199309,372218359943371,372218361844830,14895,260729,372218361844830,372218360697434,372218378955090,372218359943371,
0,100911905,372218363274646,372218379866588,0,372218382468632,372218382470819,372218383200924,372218383389413,372218374941313,372218382424257,8295971,372218383779726,372218383824621,372218384086861,372218384879986,372218386567017,14792,264115,372218386567017,372218385576080,372218403885038,372218384879986,
0,100911913,372218388134121,372218388134121,0,372218388546340,372218388548111,372218388764361,372218388890559,372218399800788,372218388522121,8293264,372218389170246,372218389197382,372218389364934,372218390030194,372218391743476,8855,174895,372218391743476,372218390572121,372218412185246,372218390030194,
0,100911921,372218396427385,372218396427385,0,372218397129882,372218397131496,372218397446340,372218397634465,372218408094052,372218397093267,8293264,372218397975507,372218398016132,372218398199153,372218398982330,372218400802278,13282,190312,372218400802278,372218399573476,372218420453267,372218398982330,
0,100911929,372218404716005,372218404716005,0,372218405326288,372218405329049,372218405716757,372218408134726,372218416382672,372218405283788,8292866,372218410534257,372218410578059,372218410803892,372218411993267,372218413705715,12135,235781,372218413705715,372218412646913,372218428759882,372218411993267,
0,100911937,372218413043320,372218413043320,0,372218413680090,372218413682121,372218414086705,372218414303892,372218424709987,372218413642746,8295748,372218415030194,372218415062330,372218415290559,372218416332590,372218417897799,10313,175781,372218417897799,372218416906028,372218437242955,372218416332590,
0,100911945,372218421360497,372218421360497,0,372218421887121,372218421888684,372218422214934,372218422371080,372218433027164,372218421858736,8296647,372218422836392,372218422887851,372218423158424,372218424339153,372218426069517,10208,399844,372218426069517,372218425388736,372218445379569,372218424339153,
0,100911953,372218429647255,372218429647255,0,372218430357278,372218430359934,372218430762642,372218431025611,372218441313922,372218430305351,8296647,372218431878111,372218431929309,372218433202538,372218434987799,372218436640455,18490,399635,372218436640455,372218435964309,372218453649882,372218434987799,
0,100911961,372218437948100,372218437948100,0,372218438783215,372218438786288,372218439474257,372218439842799,372218449614767,372218438711965,8296718,372218441065351,372218441209257,372218441583788,372218442961028,372218444858944,19323,507500,372218444858944,372218444137278,372218461946496,372218442961028,
0,100911969,372218446309711,372218446309711,0,372218447021601,372218447025767,372218447643840,372218447998684,372218457976378,372218446960924,8301153,372218449193944,372218449271236,372218449643319,372218450961028,372218452814517,17656,361927,372218452814517,372218451872955,372218470266496,372218450961028,
0,100911977,372218454600833,372218454600833,0,372218455276184,372218455279621,372218455856184,372218456193215,372218466267500,372218455219257,8300658,372218457127069,372218457204205,372218457546392,372218458836288,372218460719101,16511,444844,372218460719101,372218459874726,372218478544153,372218458836288,
0,100911985,372218462887358,372218462887358,0,372218467240871,372218467243163,372218467799049,372218468083996,372218474554025,372218467199049,8299781,372218468806809,372218468848476,372218469089413,372218469932590,372218472362903,11719,1945417,372218471832486,372218472362903,372218486839726,372218469932590,
0,100911993,372218471177529,372218471177529,0,372218473939882,372218473942799,372218474203424,372218474397955,372218482844196,372218473902746,8299120,372218474951653,372218474991653,372218475254413,372218476228267,372218478089101,12865,267239,372218478089101,372218476959153,372218495204205,372218476228267,
0,100912001,372218479472144,372218479472144,0,372218482334361,372218482336340,372218482617642,372218483113892,372218491138811,372218482297642,8298945,372218483692174,372218483738267,372218484046549,372218485009101,372218486893996,13646,273281,372218486893996,372218485725767,372218503459205,372218485009101,
0,100912009,372218487769069,372218487769069,0,372218492399726,372218492401392,372218492696444,372218492852330,372218499435736,372218492359153,8298207,372218493361444,372218493405507,372218493658528,372218494604257,372218496433632,13802,294010,372218496433632,372218495350455,372218511746444,372218494604257,
0,100912017,372218496056122,372218496056122,0,372218496574830,372218496576132,372218496822069,372218496941757,372218507722789,372218496549726,8298207,372218497342642,372218497373319,372218497586496,372218498329674,372218500157278,9948,192761,372218500157278,372218498904101,372218520071236,372218498329674,
0,100912025,372218504362946,372218504362946,0,372218505189465,372218505193215,372218505787330,372218506127278,372218516029613,372218505122746,8299057,372218507147382,372218507224517,372218507572538,372218509002069,372218510865246,19271,400156,372218510865246,372218509970194,372218528406236,372218509002069,
0,100912033,372218512665222,372218512665222,0,372218513413111,372218513416913,372218513990142,372218514279778,372218524331889,372218513352851,8299057,372218515214674,372218515289205,372218515632486,372218517059361,372218518958424,17084,417917,372218518958424,372218518052017,372218536628736,372218517059361,
0,100912041,372218520960491,372218520960491,0,372218521780976,372218521784205,372218522372538,372218522678476,372218532627158,372218521718892,8298887,372218523783215,372218523890299,372218524393840,372218525780246,372218527842799,18490,514323,372218527842799,372218526886705,372218544946913,372218525780246,
0,100912049,372218529263534,372218529263534,0,372218529927278,372218529930038,372218530332017,372218530582330,372218540930201,372218529880976,8299217,372218531272694,372218531325455,372218531537069,372218532555924,372218534336705,11719,215781,372218534336705,372218533191913,372218553243944,372218532555924,
0,100912057,372218537569898,372218537569898,0,372218538059726,372218538061705,372218538378319,372218538951288,372218549236565,372218538026028,8299352,372218539514674,372218539566132,372218539798424,372218540748684,372218543124674,11354,260677,372218543124674,372218541251809,372218561537955,372218540748684,
0,100912065,372218545863552,372218545863552,0,372218546419674,372218546422017,372218546847486,372218547088007,372218557530219,372218546378424,8299352,372218547880819,372218547930038,372218548304569,372218549588476,372218551217069,12552,234218,372218551217069,372218550279309,372218569900142,372218549588476,
0,100912102,372218587328759,372218587328759,0,372218594298423,372218594299986,372218595660715,372218595829048,372218598995426,372218594267434,8297347,372218596572590,372218596624986,372218596879413,372218597753215,372218599599048,16198,268073,372218599599048,372218598472694,372218611363736,372218597753215,
0,100912109,372218595626106,372218595626106,0,372218602566340,372218602572069,372218605789101,372218606013996,372218615590120,372218602458684,8297347,372218606442746,372218606484934,372218606724048,372218607565976,372218609450246,12865,398542,372218609450246,372218608418996,372218627982017,372218607565976,
0,100912117,372218603923453,372218603923453,0,372218609248684,372218609250611,372218609943788,372218610160246,372218623887467,372218609208423,8297347,372218610562069,372218610601184,372218610845819,372218611649361,372218613439153,11927,242760,372218613439153,372218612346184,372218636290976,372218611649361,
0,100912124,372218612220800,372218612220800,0,372218612744673,372218612746340,372218613417017,372218613601236,372218632184814,372218612710194,8298019,372218614845194,372218614882278,372218615100142,372218616258788,372218617857903,9219,211719,372218617857903,372218616857226,372218644561861,372218616258788,
0,100912132,372218620533987,372218620533987,0,372218621265923,372218621268736,372218622020923,372218622264309,372218640482833,372218621214257,8298019,372218622995194,372218623039309,372218623291236,372218624605142,372218626247746,13490,241094,372218626247746,372218625294934,372218652881913,372218624605142,
0,100912140,372218628839236,372218628839236,0,372218629394830,372218629396861,372218629856757,372218630065455,372218648780852,372218629353944,8298343,372218630451132,372218630498215,372218630745090,372218631960559,372218636455663,12761,305468,372218636455663,372218632654778,372218661170559,372218631960559,
0,100912148,372218637144771,372218637144771,0,372218637794934,372218637797746,372218638304465,372218638566601,372218657079195,372218637745142,8298547,372218639049517,372218639111288,372218639423215,372218641288528,372218644815663,15313,337760,372218644815663,372218641990767,372218669464882,372218641288528,
0,100912156,372218645452082,372218645452082,0,372218646161340,372218646164726,372218646754048,372218647054621,372218665377742,372218646105819,8298850,372218647637173,372218647707226,372218648125090,372218649467851,372218653240351,17917,340520,372218653240351,372218650193632,372218677783996,372218649467851,
0,100912164,372218653775274,372218653775274,0,372218654495767,372218654499101,372218655088996,372218655387121,372218673676592,372218654438111,8300671,372218655948215,372218656112746,372218656481028,372218657140976,372218660455246,20677,359584,372218660455246,372218657883892,372218686064361,372218657140976,
0,100912172,372218662081191,372218662081191,0,372218662729101,372218662732173,372218663276653,372218663546861,372218681977263,372218662676184,8301016,372218664184205,372218664257746,372218664760246,372218665383528,372218668872851,16562,324375,372218668872851,372218666078476,372218694354361,372218665383528,
0,100912180,372218670380045,372218670380045,0,372218671041705,372218671044882,372218671427382,372218671597017,372218690278279,372218670983840,8300903,372218671906444,372218671947694,372218672493840,372218673161548,372218677228215,17709,360260,372218677228215,372218673919986,372218702656340,372218673161548,
0,100912188,372218678677159,372218678677159,0,372218679521028,372218679525298,372218680249257,372218680484726,372218698579182,372218679450923,8300690,372218680900194,372218680958423,372218681292903,372218682107694,372218685540455,25938,302760,372218685540455,372218682744830,372218710983996,372218682107694,
0,100912196,372218686980758,372218686980758,0,372218687615871,372218687618684,372218688473840,372218688711548,372218706879872,372218687569048,8300865,372218689173736,372218689217069,372218689462434,372218689927851,372218693586392,14740,221302,372218693586392,372218690396288,372218719240611,372218689927851,
0,100912204,372218695277364,372218695277364,0,372218695929413,372218695931757,372218696890403,372218697136548,372218715180737,372218695884361,8300608,372218697611653,372218697653267,372218697842434,372218698282851,372218701901653,12708,190625,372218701901653,372218698704569,372218727530663,372218698282851,
0,100912212,372218703571427,372218703571427,0,372218704176548,372218704178476,372218704965090,372218705203580,372218723481345,372218704135559,8300465,372218705655819,372218705700246,372218705882017,372218706305819,372218710127173,12187,201562,372218710127173,372218706741288,372218735837590,372218706305819,
0,100912220,372218711873138,372218711873138,0,372218712520871,372218712523267,372218713411548,372218713652590,372218731781810,372218712475767,8300465,372218714107955,372218714151809,372218714407226,372218714870038,372218718430298,12708,202916,372218718430298,372218715313267,372218744147330,372218714870038,
0,100912228,372218720175848,372218720175848,0,372218720723580,372218720725351,372218721524257,372218721733059,372218740082275,372218720687017,8300110,372218722125611,372218722161392,372218722386132,372218722787278,372218726664413,10677,179583,372218726664413,372218723181965,372218752494413,372218722787278,
0,100912236,372218728468422,372218728468422,0,372218728934517,372218728935923,372218729695559,372218729877798,372218748382385,372218728905715,8299833,372218730151705,372218730196288,372218730387590,372218730758788,372218734958840,9010,163073,372218734958840,372218731117642,372218760739830,372218730758788,
0,100912456,372218994047029,372218994047029,0,372218994538527,372218994540142,372218994870767,372218995118475,372219005713696,372218994511340,8299585,372218995595090,372218995640559,372218995902382,372218996853059,372218998728840,16562,341771,372218998728840,372218997653788,372219018035350,372218996853059,
0,100912463,372219002346614,372219002346614,0,372219002998163,372219003001913,372219003553892,372219003839100,372219014013281,372219002938111,8299585,372219004478267,372219004543840,372219004829413,372219006063996,372219007842850,18177,365573,372219007842850,372219006947850,372219026306600,372219006063996,
0,100912471,372219010646199,372219010646199,0,372219011342069,372219011345298,372219011966392,372219012307850,372219022312866,372219011276600,8299585,372219012897902,372219013009361,372219013395611,372219014802538,372219018606809,17396,485729,372219018606809,372219015667173,372219034645871,372219014802538,
0,100912479,372219018917156,372219018917156,0,372219019583527,372219019586965,372219020233475,372219020553632,372219030583823,372219019517225,8298928,372219021152746,372219021210871,372219021475350,372219022635142,372219024418007,13906,298489,372219024418007,372219023473215,372219042925663,372219022635142,
0,100912487,372219027216660,372219027216660,0,372219027712486,372219027714361,372219028110038,372219028317590,372219038883327,372219027671080,8298829,372219028695350,372219028730090,372219028909725,372219029638007,372219031385767,9219,182240,372219031385767,372219030214882,372219051236757,372219029638007,
0,100912495,372219035512086,372219035512086,0,372219036179309,372219036182121,372219036578007,372219036804413,372219047178753,372219036129309,8298829,372219037216027,372219037254100,372219037505194,372219038364048,372219040250402,10938,212552,372219040250402,372219039001705,372219059560715,372219038364048,
0,100912503,372219043820613,372219043820613,0,372219044462798,372219044465298,372219045259517,372219045487434,372219055487280,372219044406913,8299066,372219045898215,372219048121184,372219048478527,372219049402642,372219051267746,20885,308438,372219051267746,372219050143007,372219067847955,372219049402642,
0,100912511,372219052120834,372219052120834,0,372219052939986,372219052943215,372219053877850,372219054134986,372219063787501,372219052879205,8299066,372219054616809,372219054671236,372219054933632,372219055865715,372219057625298,13697,253385,372219057625298,372219056448840,372219076154882,372219055865715,
0,100912519,372219060424060,372219060424060,0,372219061148111,372219061150298,372219061945715,372219062179100,372219072090727,372219061097590,8299192,372219062590090,372219062633892,372219062879934,372219063721600,372219065524621,11927,249636,372219065524621,372219064458736,372219084422590,372219063721600,
0,100912527,372219068729907,372219068729907,0,372219069418007,372219069420194,372219070374257,372219070626080,372219080396574,372219069364725,8299328,372219071100559,372219071152955,372219071434777,372219072452746,372219074410298,18230,438021,372219074410298,372219073458684,372219092749465,372219072452746,
0,100912535,372219077032781,372219077032781,0,372219077712590,372219077715975,372219078473996,372219078710767,372219088699448,372219077660871,8299436,372219079121809,372219079173371,372219079427069,372219080363736,372219082219621,15729,280781,372219082219621,372219081137694,372219101007538,372219080363736,
0,100912543,372219085335804,372219085335804,0,372219086387434,372219086393423,372219087625819,372219087820923,372219097002471,372219086277382,8299530,372219088199934,372219088249257,372219088452746,372219089148423,372219090924100,13177,503229,372219090924100,372219090115298,372219109314413,372219089148423,
0,100912551,372219093633344,372219093633344,0,372219094279048,372219094281652,372219094926340,372219095123059,372219105300011,372219094231913,8299495,372219095497694,372219095538788,372219095751027,372219096571496,372219098366548,11823,289740,372219098366548,372219097302694,372219117615819,372219096571496,
0,100912559,372219101935739,372219101935739,0,372219102550559,372219102553267,372219103310246,372219103538840,372219113602406,372219102496027,8299613,372219103961236,372219104062538,372219104346809,372219105246600,372219106983736,14323,212917,372219106983736,372219105876757,372219125921392,372219105246600,
0,100912567,372219110231966,372219110231966,0,372219110740142,372219110742017,372219111411861,372219111598007,372219121898633,372219110700559,8299501,372219111936444,372219111972746,372219112250559,372219112966392,372219114656496,11458,184166,372219114656496,372219113537225,372219134214257,372219112966392,
0,100912575,372219118529205,372219118529205,0,372219118988632,372219118990038,372219119644673,372219119820038,372219130195872,372219118954830,8299465,372219120191080,372219120223840,372219120423944,372219121191913,372219122937902,10000,195781,372219122937902,372219121794777,372219142512173,372219121191913,
0,100912583,372219126827063,372219126827063,0,372219127332850,372219127334257,372219128056392,372219128247069,372219138493730,372219127298736,8299574,372219128619934,372219128655350,372219128873215,372219129641600,372219131425871,8906,203802,372219131425871,372219130254517,372219150817590,372219129641600,
0,100912591,372219135127188,372219135127188,0,372219135606444,372219135607590,372219136338007,372219136526288,372219146793855,372219135571757,8299488,372219136866184,372219136896132,372219137096392,372219137815871,372219139571496,8490,170886,372219139571496,372219138382277,372219159119361,372219137815871,
0,100912599,372219143424703,372219143424703,0,372219143889100,372219143890455,372219144739413,372219144924152,372219155091370,372219143855767,8299315,372219145250455,372219145281080,372219145471132,372219146154830,372219147904465,8594,161354,372219147904465,372219146690871,372219167422955,372219146154830,
0,100912607,372219151721174,372219151721174,0,372219152208215,372219152209882,372219153028007,372219153210767,372219163387841,372219152165455,8299138,372219153544152,372219154668059,372219154992642,372219155907382,372219157723840,11302,175885,372219157723840,372219156279777,372219175712434,372219155907382,
0,100912615,372219160018015,372219160018015,0,372219160644205,372219160645767,372219161496652,372219161698423,372219171684682,372219160607538,8298951,372219162061496,372219162092590,372219162309777,372219163039413,372219164808632,9166,162604,372219164808632,372219163581705,372219184108319,372219163039413,
0,100912623,372219168314824,372219168314824,0,372219168814413,372219168815923,372219169589621,372219169776548,372219179981491,372219168780402,8299425,372219170117902,372219170149257,372219170354309,372219171051861,372219172800455,8958,157916,372219172800455,372219171581236,372219192317330,372219171051861,
0,100912631,372219176619934,372219176619934,0,372219177082642,372219177083892,372219177817069,372219178000402,372219188286601,372219177050923,8298649,372219178333892,372219178365090,372219178563527,372219179251913,372219181000611,8646,158490,372219181000611,372219179782746,372219200602538,372219179251913,
0,100912639,372219184908952,372219184908952,0,372219185409309,372219185411184,372219186207225,372219186394673,372219196575619,372219185372746,8299937,372219186735298,372219186768111,372219186977121,372219187684934,372219189401913,8229,165209,372219189401913,372219188241861,372219208909830,372219187684934,
0,100912647,372219193229988,372219193229988,0,372219193677277,372219193678684,372219194527538,372219194710142,372219204896655,372219193644413,8299361,372219195037642,372219195067955,372219195266236,372219196018892,372219197765455,7760,158073,372219197765455,372219196540298,372219217215246,372219196018892,
0,100912655,372219201522748,372219201522748,0,372219201976809,372219201978059,372219202743371,372219202925298,372219213189415,372219201943371,8299178,372219203265611,372219203296132,372219203492746,372219204204048,372219205926705,8177,164062,372219205926705,372219204727798,372219225512277,372219204204048,
0,100912663,372219209818111,372219209818111,0,372219210298163,372219210299569,372219211091652,372219211273632,372219221484778,372219210265715,8298845,372219211604257,372219211637225,372219211833684,372219212545767,372219214261600,9218,162656,372219214261600,372219213067850,372219233839882,372219212545767,
0,100912671,372219218112824,372219218112824,0,372219218593215,372219218594673,372219219422069,372219219613996,372219229779491,372219218560454,8298789,372219219955611,372219219990715,372219220213944,372219220945871,372219222668371,10156,165000,372219222668371,372219221498996,372219242117538,372219220945871,
0,100912679,372219226410993,372219226410993,0,372219226850611,372219226851861,372219227740402,372219227922642,372219238077660,372219226821704,8299101,372219228280298,372219228315454,372219228512590,372219229222642,372219230943996,9584,168333,372219230943996,372219229773267,372219250407486,372219229222642,
0,100912687,372219234712783,372219234712783,0,372219235153632,372219235154725,372219236163163,372219236332694,372219246379450,372219235124934,8299678,372219236655507,372219236687434,372219236886444,372219237580611,372219239320402,8802,159792,372219239320402,372219238122590,372219258720454,372219237580611,
0,100912695,372219243020168,372219243020168,0,372219243490871,372219243492121,372219244400298,372219244570923,372219254686835,372219243462590,8300058,372219244886132,372219244916652,372219245106288,372219245786340,372219247515559,8959,181042,372219247515559,372219246332434,372219267008007,372219245786340,
0,100912703,372219251323431,372219251323431,0,372219251810402,372219251811757,372219252715819,372219252890767,372219262990098,372219251779934,8299841,372219253206288,372219253238267,372219253436704,372219254134361,372219255845090,8125,159584,372219255845090,372219254660507,372219275312590,372219254134361,
0,100912711,372219259619747,372219259619747,0,372219260169673,372219260170715,372219261252694,372219261437017,372219271286414,372219260138579,8300255,372219261616236,372219261666861,372219261865767,372219262588111,372219264339204,8855,174010,372219264339204,372219263140923,372219283605507,372219262588111,
0,100912818,372219392411523,372219392411523,0,372219395953215,372219395955559,372219396856809,372219397053319,372219404078190,372219395911809,8299666,372219397948371,372219397993632,372219398246340,372219399065350,372219400846548,16198,303594,372219400846548,372219399799204,372219416451079,372219399065350,
0,100912825,372219400711189,372219400711189,0,372219401471288,372219401473059,372219401816652,372219401971079,372219412377856,372219401438215,8299666,372219402386757,372219402438684,372219402595038,372219403234361,372219405047538,7969,189896,372219405047538,372219403795090,372219424758007,372219403234361,
0,100912841,372219417302246,372219417302246,0,372219417847017,372219417849309,372219418260975,372219421004048,372219428968913,372219417808319,8299382,372219422074048,372219422145454,372219422441861,372219423960454,372219425562694,14270,267240,372219425562694,372219424753007,372219441349309,372219423960454,
0,100912856,372219433929911,372219433929911,0,372219434774881,372219434776444,372219435085715,372219435263006,372219445596578,372219434734673,8300687,372219435668475,372219435709673,372219436792069,372219437924152,372219439613840,13229,248594,372219439613840,372219438589569,372219457941965,372219437924152,
0,100912863,372219442242767,372219442242767,0,372219442865506,372219442868006,372219443259517,372219443471079,372219453909434,372219442825454,8300687,372219444050038,372219444091600,372219444326288,372219445458527,372219447123944,11719,227969,372219447123944,372219446111809,372219466496600,372219445458527,
0,100912871,372219450543454,372219450543454,0,372219451198423,372219451202173,372219451763163,372219452118111,372219462210121,372219451135923,8300687,372219452742069,372219452801809,372219453066861,372219454606340,372219456324256,16354,310000,372219456324256,372219455410402,372219474565819,372219454606340,
0,100912879,372219458846819,372219458846819,0,372219459593996,372219459597069,372219460254673,372219460589934,372219470513486,372219459532121,8300760,372219461263996,372219461336756,372219461631756,372219462417017,372219463388371,16666,332708,372219463388371,372219463320767,372219482798163,372219462417017,
0,100912887,372219467146900,372219467146900,0,372219473551236,372219473553371,372219473965611,372219474184517,372219478813567,372219473504517,8300742,372219474597746,372219474745454,372219475038006,372219475667746,372219476802069,16302,389375,372219476802069,372219476573111,372215465553373,372219475667746,
0,100912895,372219475513290,372219475513290,0,372219482869777,372219482872746,372219483193684,372219483427069,372219487179957,372219482820454,8302748,372219483861444,372219483907850,372219484182225,372219484809881,372219485730350,13334,228854,372219485730350,372219485485090,372215473849362,372219484809881,
0,100912903,372219483808635,372219483808635,0,372219485458215,372219485459621,372219485739881,372219485913423,372219495475302,372219485427850,8301974,372219486207590,372219486239934,372219486446756,372219486947954,372219487818371,9739,229479,372219487818371,372219487593788,372215482151393,372219486947954,
0,100912911,372219492090854,372219492090854,0,372219492710663,372219492713111,372219493558579,372219493785298,372219503757521,372219492661340,8301974,372219494552121,372219494611236,372219494859673,372219495760454,372215471595196,12917,276615,372215471595196,372219496543944,372215490445821,372219495760454,
---PROFILEDATA---


View hierarchy:

  io.dcloud.uniappx/io.dcloud.uniappxv.UniAppActivity/android.view.ViewRootImpl@b3de62a
  255 views, 501.98 kB of render nodes


Total ViewRootImpl   : 1
Total attached Views : 255
Total RenderNode     : 501.98 kB (used) / 1498.84 kB (capacity)

