Applications Graphics Acceleration Info:
Uptime: 369283320 Realtime: 1331204783

** Graphics info for pid 14538 [io.dcloud.uniappx] **

Stats since: 369248438112004ns
Total frames rendered: 133
Janky frames: 30 (22.56%)
Janky frames (legacy): 38 (28.57%)
50th percentile: 7ms
90th percentile: 15ms
95th percentile: 23ms
99th percentile: 400ms
Number Missed Vsync: 6
Number High input latency: 144
Number Slow UI thread: 21
Number Slow bitmap uploads: 1
Number Slow issue draw commands: 25
Number Frame deadline missed: 30
Number Frame deadline missed (legacy): 35
HISTOGRAM: 5ms=55 6ms=7 7ms=30 8ms=4 9ms=2 10ms=3 11ms=1 12ms=6 13ms=2 14ms=9 15ms=2 16ms=1 17ms=1 18ms=1 19ms=0 20ms=2 21ms=0 22ms=0 23ms=1 24ms=0 25ms=0 26ms=1 27ms=0 28ms=0 29ms=0 30ms=0 31ms=0 32ms=0 34ms=0 36ms=0 38ms=0 40ms=0 42ms=0 44ms=0 46ms=1 48ms=0 53ms=0 57ms=0 61ms=0 65ms=1 69ms=0 73ms=0 77ms=0 81ms=0 85ms=0 89ms=0 93ms=0 97ms=0 101ms=0 105ms=0 109ms=0 113ms=0 117ms=0 121ms=0 125ms=0 129ms=0 133ms=0 150ms=1 200ms=0 250ms=0 300ms=0 350ms=0 400ms=1 450ms=1 500ms=0 550ms=0 600ms=0 650ms=0 700ms=0 750ms=0 800ms=0 850ms=0 900ms=0 950ms=0 1000ms=0 1050ms=0 1100ms=0 1150ms=0 1200ms=0 1250ms=0 1300ms=0 1350ms=0 1400ms=0 1450ms=0 1500ms=0 1550ms=0 1600ms=0 1650ms=0 1700ms=0 1750ms=0 1800ms=0 1850ms=0 1900ms=0 1950ms=0 2000ms=0 2050ms=0 2100ms=0 2150ms=0 2200ms=0 2250ms=0 2300ms=0 2350ms=0 2400ms=0 2450ms=0 2500ms=0 2550ms=0 2600ms=0 2650ms=0 2700ms=0 2750ms=0 2800ms=0 2850ms=0 2900ms=0 2950ms=0 3000ms=0 3050ms=0 3100ms=0 3150ms=0 3200ms=0 3250ms=0 3300ms=0 3350ms=0 3400ms=0 3450ms=0 3500ms=0 3550ms=0 3600ms=0 3650ms=0 3700ms=0 3750ms=0 3800ms=0 3850ms=0 3900ms=0 3950ms=0 4000ms=0 4050ms=0 4100ms=0 4150ms=0 4200ms=0 4250ms=0 4300ms=0 4350ms=0 4400ms=0 4450ms=0 4500ms=0 4550ms=0 4600ms=0 4650ms=0 4700ms=0 4750ms=0 4800ms=0 4850ms=0 4900ms=0 4950ms=0
50th gpu percentile: 2ms
90th gpu percentile: 7ms
95th gpu percentile: 8ms
99th gpu percentile: 8ms
GPU HISTOGRAM: 1ms=2 2ms=74 3ms=8 4ms=13 5ms=9 6ms=3 7ms=11 8ms=13 9ms=0 10ms=0 11ms=0 12ms=0 13ms=0 14ms=0 15ms=0 16ms=0 17ms=0 18ms=0 19ms=0 20ms=0 21ms=0 22ms=0 23ms=0 24ms=0 25ms=0 4950ms=0

Pipeline=Skia (OpenGL)
Memory policy:
  Max surface area: 4608000
  Max resource usage: 221.18MB (x48)
  Background retention: 50% (altUiHidden = true)
  GPU Context timeout: 10
Contexts: 1 (stopped = 0)
CPU Caches:
  Glyph Cache: 470.98 KB (1 entry)
  Glyph Count: 33 
Total CPU memory usage:
  482283 bytes, 470.98 KB (0.00 bytes is purgeable)
GPU Caches:
  Other:
    Other: 36.98 KB (1 entry)
    Buffer Object: 2.05 KB (2 entries)
  Image:
    Texture: 156.16 KB (3 entries)
  Scratch:
    Buffer Object: 48.00 KB (1 entry)
    Texture: 2.00 MB (1 entry)
Total GPU memory usage:
  2346180 bytes, 2.24 MB (141.19 KB is purgeable)

Profile data in ms:

	io.dcloud.uniappx/io.dcloud.uniappxv.UniAppActivity/android.view.ViewRootImpl@2e52680 (visibility=0)
Window: io.dcloud.uniappx/io.dcloud.uniappxv.UniAppActivity
Stats since: 369251785817107ns
Total frames rendered: 129
Janky frames: 28 (21.71%)
Janky frames (legacy): 36 (27.91%)
50th percentile: 7ms
90th percentile: 15ms
95th percentile: 20ms
99th percentile: 150ms
Number Missed Vsync: 5
Number High input latency: 144
Number Slow UI thread: 20
Number Slow bitmap uploads: 0
Number Slow issue draw commands: 23
Number Frame deadline missed: 28
Number Frame deadline missed (legacy): 33
HISTOGRAM: 5ms=54 6ms=7 7ms=30 8ms=3 9ms=2 10ms=3 11ms=1 12ms=5 13ms=2 14ms=9 15ms=2 16ms=1 17ms=1 18ms=1 19ms=0 20ms=2 21ms=0 22ms=0 23ms=1 24ms=0 25ms=0 26ms=1 27ms=0 28ms=0 29ms=0 30ms=0 31ms=0 32ms=0 34ms=0 36ms=0 38ms=0 40ms=0 42ms=0 44ms=0 46ms=1 48ms=0 53ms=0 57ms=0 61ms=0 65ms=1 69ms=0 73ms=0 77ms=0 81ms=0 85ms=0 89ms=0 93ms=0 97ms=0 101ms=0 105ms=0 109ms=0 113ms=0 117ms=0 121ms=0 125ms=0 129ms=0 133ms=0 150ms=1 200ms=0 250ms=0 300ms=0 350ms=0 400ms=0 450ms=1 500ms=0 550ms=0 600ms=0 650ms=0 700ms=0 750ms=0 800ms=0 850ms=0 900ms=0 950ms=0 1000ms=0 1050ms=0 1100ms=0 1150ms=0 1200ms=0 1250ms=0 1300ms=0 1350ms=0 1400ms=0 1450ms=0 1500ms=0 1550ms=0 1600ms=0 1650ms=0 1700ms=0 1750ms=0 1800ms=0 1850ms=0 1900ms=0 1950ms=0 2000ms=0 2050ms=0 2100ms=0 2150ms=0 2200ms=0 2250ms=0 2300ms=0 2350ms=0 2400ms=0 2450ms=0 2500ms=0 2550ms=0 2600ms=0 2650ms=0 2700ms=0 2750ms=0 2800ms=0 2850ms=0 2900ms=0 2950ms=0 3000ms=0 3050ms=0 3100ms=0 3150ms=0 3200ms=0 3250ms=0 3300ms=0 3350ms=0 3400ms=0 3450ms=0 3500ms=0 3550ms=0 3600ms=0 3650ms=0 3700ms=0 3750ms=0 3800ms=0 3850ms=0 3900ms=0 3950ms=0 4000ms=0 4050ms=0 4100ms=0 4150ms=0 4200ms=0 4250ms=0 4300ms=0 4350ms=0 4400ms=0 4450ms=0 4500ms=0 4550ms=0 4600ms=0 4650ms=0 4700ms=0 4750ms=0 4800ms=0 4850ms=0 4900ms=0 4950ms=0
50th gpu percentile: 2ms
90th gpu percentile: 8ms
95th gpu percentile: 8ms
99th gpu percentile: 8ms
GPU HISTOGRAM: 1ms=2 2ms=72 3ms=8 4ms=13 5ms=9 6ms=2 7ms=10 8ms=13 9ms=0 10ms=0 11ms=0 12ms=0 13ms=0 14ms=0 15ms=0 16ms=0 17ms=0 18ms=0 19ms=0 20ms=0 21ms=0 22ms=0 23ms=0 24ms=0 25ms=0 4950ms=0


RenderLite trim renderNode error: 0

---PROFILEDATA---
Flags,FrameTimelineVsyncId,IntendedVsync,Vsync,InputEventId,HandleInputStart,AnimationStart,PerformTraversalsStart,DrawStart,FrameDeadline,FrameInterval,FrameStartTime,SyncQueued,SyncStart,IssueDrawCommandsStart,SwapBuffers,FrameCompleted,DequeueBufferDuration,QueueBufferDuration,GpuCompleted,SwapBuffersCompleted,DisplayPresentTime,CommandSubmissionCompleted,
0,98464188,369254156663060,369254156663060,0,369254157857419,369254157863929,369254158752367,369254159900752,369254176686339,369254157789190,8299283,369254161996169,369254162050908,369254162172731,369254163037106,369254163625700,17292,258750,369254163496742,369254163625700,369254189077523,369254163037106,
0,98464203,369254164961355,369254214757053,0,369254221787471,369254221794242,369254222803877,369254223166950,369254184985622,369254221391638,8299283,369254224673408,369254224725492,369254224842471,369254227647263,369254229302471,16354,273802,369254229302471,369254228365752,369254247081377,369254227647263,
0,98464273,369254223084216,369254231384174,0,369254238683408,369254238689242,369254239705440,369254241883773,369254243022286,369254238615961,8299958,369254244702211,369254244738148,369254244924450,369254245715388,369254246990440,9844,262031,369254246990440,369254246178981,369254263631586,369254245715388,
0,98464296,369254239674500,369254239674500,0,369254245789398,369254245791898,369254246669919,369254246933981,369254259650757,369254245746325,8299188,369254248062158,369254248110075,369254248216638,369254248978565,369254250215544,8750,167604,369254250215544,369254249509502,369254271929606,369254248978565,
0,98464694,369254571564202,369254571564202,0,369254572496898,369254572503460,369254573289502,369254574041169,369254583230869,369254572409346,8297580,369254575417992,369254575581794,369254576757575,369254581801273,369254589259450,60677,358750,369254589259450,369254588738408,369254603954190,369254581801273,
0,98464701,369254579861782,369254579861782,0,369254580748044,369254580754502,369254581499137,369254581967367,369254608123609,369254580665492,8297580,369254582774137,369254588881325,369254589048460,369254590025700,369254591256273,10000,219114,369254591256273,369254590659554,369254612279971,369254590025700,
0,98464708,369254588159362,369254588159362,0,369254589804502,369254589807627,369254590237002,369254590494815,369254616421189,369254589761637,8297580,369254590972002,369254591008044,369254591102262,369254591769398,369254593493200,7969,189583,369254593493200,369254592397887,369254620577210,369254591769398,
0,98464716,369254596456942,369254596456942,0,369254597025231,369254597028148,369254597505023,369254597777575,369254624718769,369254596982887,8297580,369254598208617,369254598246794,369254598360075,369254599152419,369254600610908,242031,174010,369254600610908,369254599680804,369254628872575,369254599152419,
0,98464724,369254604819619,369254604819619,0,369254605484294,369254605487783,369254606001273,369254606296637,369254633016349,369254605433148,8299212,369254606792158,369254606832887,369254606968148,369254607634606,369254612398669,10729,326302,369254612398669,369254608254294,369254637244606,369254607634606,
0,98464732,369254613164475,369254613164475,0,369254613904242,369254613910023,369254614604085,369254615008304,369254641315561,369254613829554,8300409,369254615703304,369254615761065,369254615932887,369254617031585,369254620651377,15469,344011,369254620651377,369254617742523,369254645482315,369254617031585,
0,98464740,369254621473958,369254621473958,0,369254622335596,369254622341794,369254623106533,369254623558877,369254649615970,369254622253565,8300627,369254624472367,369254624541429,369254624728565,369254625662367,369254628955856,15469,337188,369254628955856,369254626352835,369254653820804,369254625662367,
0,98464748,369254629774360,369254629774360,0,369254630595648,369254630602315,369254631432523,369254631887471,369254657916597,369254630509085,8300598,369254632831429,369254632897315,369254633088617,369254634045700,369254637265804,15677,328437,369254637265804,369254634767835,369254662117054,369254634045700,
0,98464756,369254638075273,369254638075273,0,369254638957992,369254638964658,369254639831325,369254640400492,369254666217195,369254638874919,8300598,369254641213512,369254641277940,369254641483669,369254642436065,369254645609815,16302,341406,369254645609815,369254643157262,369254670348148,369254642436065,
0,98464764,369254646392462,369254646392462,0,369254647223408,369254647230387,369254648059242,369254648584190,369254674517793,369254647140440,8300967,369254649373773,369254649439815,369254649635387,369254650587523,369254653965231,18802,346615,369254653965231,369254651293617,369254678692315,369254650587523,
0,98464772,369254654692176,369254654692176,0,369254655591012,369254655597210,369254656613304,369254657130700,369254682818760,369254655496065,8300947,369254658063356,369254658131950,369254658331273,369254659290179,369254662245387,16979,346927,369254662245387,369254660059710,369254686974190,369254659290179,
0,98464780,369254663000409,369254663000409,0,369254663908252,369254663915023,369254664913096,369254665445960,369254691119707,369254663815179,8301183,369254666380231,369254666442992,369254666626481,369254667566273,369254670520856,16875,401875,369254670520856,369254668331377,369254695244971,369254667566273,
0,98464788,369254671304494,369254671304494,0,369254672227523,369254672231846,369254672783252,369254673111690,369254699420890,369254672168044,8301230,369254673751533,369254673806742,369254673931012,369254674568929,369254678762887,11250,212083,369254678762887,369254675022679,369254703602471,369254674568929,
0,98464796,369254679597590,369254679597590,0,369254680504502,369254680508304,369254681041481,369254681341846,369254707722120,369254680417575,8301028,369254681834294,369254681868669,369254681993877,369254682584502,369254686955908,10573,180000,369254686955908,369254682967158,369254711897315,369254682584502,
0,98464804,369254687897751,369254687897751,0,369254688602367,369254688604919,369254689085492,369254689382627,369254716023148,369254688555908,8300867,369254689901169,369254689956065,369254690098512,369254690733877,369254695506325,11927,325990,369254695506325,369254691262419,369254720159815,369254690733877,
0,98464812,369254696195519,369254696195519,0,369254696921065,369254696932940,369254697537419,369254697874658,369254724324015,369254696852731,8300867,369254698466898,369254698516637,369254698668252,369254699353252,369254703666169,12396,224375,369254703666169,369254699816117,369254728456169,369254699353252,
0,98464820,369254704490094,369254704490094,0,369254705230752,369254705235387,369254705797731,369254706137158,369254732624882,369254705172419,8300689,369254706779190,369254706831377,369254706979815,369254707724137,369254711945023,13594,305365,369254711945023,369254708301325,369254736749450,369254707724137,
0,98464828,369254712791834,369254712791834,0,369254713696273,369254713702835,369254714521065,369254715036690,369254740925571,369254713603408,8300676,369254715967835,369254716040960,369254716217523,369254716844919,369254720440908,18177,198333,369254720440908,369254717251533,369254745051585,369254716844919,
0,98464836,369254721092384,369254721092384,0,369254721836742,369254721840648,369254722408877,369254722780648,369254749226247,369254721776325,8300384,369254723464137,369254723512835,369254723627262,369254724368773,369254728520075,12448,206562,369254728520075,369254724814137,369254753366794,369254724368773,
0,98464844,369254729388041,369254729388041,0,369254730197367,369254730200648,369254730777054,369254731116012,369254757526631,369254730138304,8300548,369254731695804,369254731738044,369254731855440,369254732518565,369254736780387,11042,221928,369254736780387,369254732978512,369254761646950,369254732518565,
0,98464852,369254737688095,369254737688095,0,369254738508460,369254738512627,369254739159242,369254739551637,369254765827179,369254738434085,8300638,369254740301065,369254740351637,369254740492731,369254741210335,369254745185856,13125,258646,369254745185856,369254741749919,369254769970648,369254741210335,
0,98464860,369254745987118,369254745987118,0,369254746846169,369254746850752,369254747563981,369254747985440,369254774127817,369254746764971,8300825,369254748837262,369254748897106,369254749044190,369254749816794,369254753514554,14843,276250,369254753514554,369254750438721,369254778309710,369254749816794,
0,98464868,369254754287751,369254754287751,0,369254755194919,369254755200335,369254756042783,369254756538044,369254782428642,369254755103252,8300825,369254757434710,369254757499554,369254757679815,369254758589190,369254761881481,15521,332135,369254761881481,369254759409658,369254786574971,369254758589190,
0,98464876,369254762579304,369254762579304,0,369254763552679,369254763558460,369254764441950,369254764936169,369254790729467,369254763455908,8300168,369254765800960,369254765866690,369254766042679,369254766920283,369254770049658,15989,320365,369254770049658,369254767590960,369254794872731,369254766920283,
0,98464884,369254770851700,369254770851700,0,369254771882679,369254771887575,369254772768252,369254773258512,369254799029635,369254771794658,8298130,369254774138981,369254774224867,369254774398044,369254775282887,369254778332210,16146,315052,369254778332210,369254775962367,369254803159242,369254775282887,
0,98464892,369254779146448,369254779146448,0,369254780297940,369254780303512,369254781129919,369254781639450,369254807327765,369254780198460,8297680,369254782520127,369254782583096,369254782761481,369254783642210,369254786724658,18177,490000,369254786724658,369254784481637,369254811457939,369254783642210,
0,98464900,369254787454577,369254787454577,0,369254788575283,369254788581221,369254789440179,369254789945179,369254815625445,369254788478721,8298172,369254790880440,369254790948669,369254791123356,369254792083200,369254794969710,17083,334532,369254794969710,369254792817471,369254819746742,369254792083200,
0,98464908,369254795753196,369254795753196,0,369254796957940,369254796963148,369254797774398,369254798259242,369254823923617,369254796864658,8298078,369254799135440,369254799201950,369254799375231,369254800422627,369254803236689,15729,342344,369254803236689,369254801119450,369254828082106,369254800422627,
0,98464916,369254804050572,369254804050572,0,369254805157523,369254805162939,369254806014502,369254806531117,369254832221695,369254805061429,8297883,369254807438669,369254807499137,369254807673252,369254808738929,369254811573981,16718,336510,369254811573981,369254809408252,369254836393929,369254808738929,
0,98464924,369254812356415,369254812356415,0,369254813417262,369254813422627,369254814287262,369254814809085,369254840519578,369254813320804,8298632,369254815725700,369254815791221,369254815959033,369254816979919,369254819890283,60312,331771,369254819890283,369254817657106,369254844641898,369254816979919,
0,98464932,369254820653509,369254820653509,0,369254821752835,369254821757992,369254822600439,369254823106533,369254848818210,369254821659762,8298507,369254823967523,369254824114085,369254824315752,369254825212887,369254828194867,16459,316458,369254828194867,369254825874710,369254852936950,369254825212887,
0,98464940,369254828954666,369254828954666,0,369254829975127,369254829980335,369254830790596,369254831272627,369254857116717,369254829884814,8298867,369254831746117,369254831836689,369254832104398,369254833028096,369254836495335,15938,307552,369254836495335,369254833669294,369254861249189,369254833028096,
0,98465176,369255957682458,369255957682458,0,369255958804762,369255958807574,369255959110804,369255959341220,369255969349125,369255958768199,8299425,369255960423512,369255960461324,369255960596689,369255961408824,369255966282314,14636,287448,369255966282314,369255965762627,369255981655179,369255961408824,
0,98465183,369255965981883,369255965981883,0,369255966462574,369255966463981,369255966692314,369255966846429,369255977648550,369255966436377,8299425,369255967522002,369255967550856,369255967637783,369255968437991,369255969684189,6094,199114,369255969684189,369255968979606,369255989915699,369255968437991,
0,98465191,369255974281308,369255974281308,0,369255974794137,369255974795647,369255975102106,369255975298095,369255985947975,369255974760335,8299425,369255976254866,369255976366272,369255976593460,369255977868356,369255979192262,15625,310365,369255979192262,369255978687210,369255998240647,369255977868356,
0,98465199,369255982496559,369255982496559,0,369255983129606,369255983132783,369255983644241,369255983951220,369255994163226,369255983072731,8298849,369255986782679,369255986853512,369255987093199,369255989711741,369255991200856,18802,400938,369255991200856,369255991019085,369256006552210,369255989711741,
0,98465207,369255990988512,369255990988512,0,369255991727939,369255991731377,369255992462002,369255992784189,369256002655179,369255991668199,8333333,369255994770439,369255994835022,369255995094397,369255995969606,369255997177366,10885,200573,369255997177366,369255996590074,369256014807418,369255995969606,
0,98465215,369255999269333,369255999269333,0,369255999885439,369255999888252,369256000745908,369256001092106,369256010936000,369255999838095,8333333,369256002522314,369256002644658,369256002802835,369256004234918,369256005379345,17240,300260,369256005379345,369256004867783,369256023115231,369256004234918,
0,98465223,369256007602666,369256007602666,0,369256008374658,369256008382679,369256009022991,369256009351324,369256019269333,369256008300283,8333333,369256010690179,369256010739189,369256010870699,369256011803720,369256012980856,11771,236718,369256012980856,369256012492106,369256031421168,369256011803720,
0,98465231,369256015935999,369256015935999,0,369256016722418,369256016725699,369256017270804,369256017634397,369256027602666,369256016663824,8333333,369256018982574,369256019051429,369256019193147,369256020247314,369256021790387,13542,257813,369256021790387,369256020971220,369256039723460,369256020247314,
0,98465239,369256024269332,369256024269332,0,369256024930804,369256024933564,369256025456949,369256025744345,369256035935999,369256024879554,8333333,369256026884345,369256026927731,369256027051949,369256027890804,369256029096585,10990,202032,369256029096585,369256028515439,369256048042054,369256027890804,
0,98465247,369256032602665,369256032602665,0,369256033224449,369256033227210,369256033766637,369256034064710,369256044269332,369256033171585,8297314,369256035297939,369256035344658,369256035469658,369256036401897,369256037606741,11511,226823,369256037606741,369256037070179,369256056331272,369256036401897,
0,98465255,369256040627875,369256040627875,0,369256041259397,369256041262887,369256041833304,369256042153772,369256052294542,369256041201429,8297314,369256043521741,369256043577314,369256043710283,369256044720699,369256045899397,11875,248594,369256045899397,369256045413981,369256064647991,369256044720699,
0,98465263,369256048914048,369256048914048,0,369256049609189,369256049612522,369256050187783,369256050520283,369256060580715,369256049547470,8295977,369256051952314,369256052038929,369256052188564,369256053245439,369256054456220,13750,263386,369256054456220,369256053951377,369256072934085,369256053245439,
0,98465271,369256057221978,369256057221978,0,369256057882054,369256057884606,369256058298408,369256058525439,369256068888645,369256057845647,8297305,369256059555231,369256059612262,369256059729866,369256060577783,369256061763877,10833,205781,369256061763877,369256061177939,369256081233981,369256060577783,
0,98465279,369256065520065,369256065520065,0,369256066117262,369256066119710,369256066557627,369256066788668,369256077186732,369256066078981,8298481,369256067776064,369256067837991,369256067964554,369256068791741,369256069976481,9427,195104,369256069976481,369256069379085,369256089542054,369256068791741,
0,98465287,369256073828767,369256073828767,0,369256074479293,369256074481845,369256074948199,369256075203043,369256085495434,369256074432939,8298516,369256076407731,369256076459397,369256076588147,369256077475960,369256078664345,11250,219739,369256078664345,369256078108772,369256097841689,369256077475960,
0,98465295,369256082127632,369256082127632,0,369256082805595,369256082808408,369256083326116,369256083607002,369256093794299,369256082754033,8298589,369256084974814,369256085061793,369256085211845,369256086257679,369256087465595,13750,276406,369256087465595,369256086987366,369256106147366,369256086257679,
0,98465303,369256090427000,369256090427000,0,369256091108356,369256091110543,369256091595231,369256091853252,369256102093667,369256091063147,8298945,369256092990022,369256093036429,369256093167158,369256094038668,369256095232887,11354,210990,369256095232887,369256094653772,369256114441429,369256094038668,
0,98465311,369256098729981,369256098729981,0,369256099346585,369256099348929,369256099832314,369256100145752,369256110396648,369256099302158,8299189,369256101278929,369256101330752,369256101469345,369256102401168,369256103605699,10781,224532,369256103605699,369256103050647,369256122746324,369256102401168,
0,98465319,369256107032099,369256107032099,0,369256107680387,369256107683981,369256108275283,369256108565127,369256118698766,369256107626533,8299510,369256109830908,369256109887574,369256110036168,369256111038043,369256112323043,11875,252084,369256112323043,369256111742835,369256131049814,369256111038043,
0,98465327,369256115335674,369256115335674,0,369256115966949,369256115969762,369256116586481,369256116900491,369256127002341,369256115914501,8299604,369256118265491,369256118323616,369256118471376,369256119520179,369256120737679,14114,404531,369256120737679,369256120386012,369256139352106,369256119520179,
0,98465335,369256123636533,369256123636533,0,369256124365126,369256124368512,369256124988043,369256125322939,369256135303200,369256124301324,8299604,369256126839554,369256126903616,369256127062731,369256128246949,369256129701168,13646,284427,369256129701168,369256129031949,369256147659137,369256128246949,
0,98465343,369256131938671,369256131938671,0,369256132731637,369256132735126,369256133364866,369256133708356,369256143605338,369256132667939,8299956,369256135216116,369256135282470,369256135450699,369256136761376,369256138118981,13802,289531,369256138118981,369256137528929,369256156058356,369256136761376,
0,98465351,369256140241313,369256140241313,0,369256140937106,369256140940908,369256141571533,369256141920179,369256151907980,369256140873564,8299956,369256143409345,369256143476168,369256143634918,369256144896429,369256146310699,13386,293386,369256146310699,369256145677679,369256164261481,369256144896429,
0,98465359,369256148544027,369256148544027,0,369256149291637,369256149296220,369256149956637,369256150301272,369256160210694,369256149225751,8300125,369256151837887,369256151907783,369256152129970,369256153317522,369256154624970,15990,299062,369256154624970,369256154091324,369256172556324,369256153317522,
0,98465367,369256156847910,369256156847910,0,369256157611272,369256157614814,369256158249241,369256158591481,369256168514577,369256157544189,8300346,369256160284189,369256160355751,369256160514658,369256161645751,369256162874085,13333,284271,369256162874085,369256162390335,369256180845699,369256161645751,
0,98465375,369256165174682,369256165174682,0,369256165891376,369256165895231,369256166523199,369256166863929,369256176841349,369256165828616,8302202,369256168477783,369256168542314,369256168702262,369256169837470,369256171198460,13594,277969,369256171198460,369256170596429,369256189156168,369256169837470,
0,98465383,369256173479207,369256173479207,0,369256174181376,369256174184814,369256174812731,369256175138668,369256185145874,369256174117314,8302202,369256176740699,369256176812210,369256176975699,369256178093616,369256179505908,13646,287969,369256179505908,369256178864345,369256197457158,369256178093616,
0,98465391,369256181785356,369256181785356,0,369256182527939,369256182532106,369256183166064,369256183494710,369256193452023,369256182460439,8302734,369256185164762,369256185232158,369256185394189,369256186511272,369256187802731,14584,286406,369256187802731,369256187276793,369256205750387,369256186511272,
0,98465399,369256190080372,369256190080372,0,369256190772626,369256190776429,369256191400647,369256191727522,369256201747039,369256190708304,8302277,369256193389449,369256193458720,369256193621897,369256194759606,369256196207001,14271,295365,369256196207001,369256195534085,369256214071324,369256194759606,
0,98465407,369256198379733,369256198379733,0,369256199072418,369256199076429,369256199718356,369256200094397,369256210046400,369256199006324,8302155,369256201662731,369256201724033,369256201888408,369256203033929,369256204392887,14271,281875,369256204392887,369256203793095,369256222350751,369256203033929,
0,98465415,369256206679910,369256206679910,0,369256207393199,369256207397158,369256208139554,369256208526741,369256218346577,369256207328772,8302112,369256209978147,369256210045126,369256210208512,369256211323251,369256212701116,14114,330417,369256212701116,369256212133147,369256230649814,369256211323251,
0,98465423,369256214975100,369256214975100,0,369256215684345,369256215688147,369256216455856,369256216795387,369256226641767,369256215619606,8301656,369256217790335,369256217876220,369256218037262,369256219164814,369256220356689,14739,277240,369256220356689,369256219902262,369256238950283,369256219164814,
0,98466070,369256970331056,369256970331056,0,369256970712626,369256970714710,369256971021741,369256971303460,369256981997723,369256970684085,8300746,369256972556897,369256972602210,369256972748616,369256973825751,369256979388928,14480,228125,369256979388928,369256978769918,369256994356116,369256973825751,
0,98466077,369256978631802,369256978631802,0,369256979131220,369256979132939,369256979471793,369256979683043,369256990298469,369256979098199,8300746,369256980038095,369256980088876,369256980188147,369256980880439,369256981994710,6458,196719,369256981994710,369256981420335,369257002644501,369256980880439,
0,98466912,369257966475321,369257966475321,0,369257967132782,369257967136167,369257967556792,369257967915490,369257978141988,369257967089761,8300988,369257969304813,369257969355959,369257969530490,369257970721272,369257977199136,18698,361614,369257977199136,369257976726272,369257990333667,369257970721272,
0,98466919,369257974776309,369257974776309,0,369257975762365,369257975764136,369257976130595,369257976418459,369257986442976,369257975730959,8300988,369257976814917,369257976898563,369257976999292,369257977775074,369257979127470,7917,178646,369257979127470,369257978338459,369257998626272,369257977775074,
0,98467845,369258979013332,369258979013332,0,369258979691740,369258979695125,369258980169500,369258980623615,369258990679999,369258979640386,8333333,369258982224188,369258982271636,369258982456063,369258983602417,369258984808250,14479,301511,369258984808250,369258984479136,369259002764396,369258983602417,
0,98467860,369258987346665,369258987346665,0,369258988084240,369258988087625,369258988622000,369258988936740,369258999013332,369258987988198,8295000,369258989430438,369258989481375,369258989613407,369258990424709,369258991594344,8021,186302,369258991594344,369258990968615,369259011063719,369258990424709,
0,98468991,369259982919991,369259982919991,0,369259983780125,369259983782677,369259984556479,369259984929552,369259994586658,369259983744604,8298363,369259986363302,369259986419917,369259986637104,369259987974240,369259995330542,24896,525261,369259995330542,369259995042365,369260015252156,369259987974240,
0,98468998,369259991218354,369259991218354,0,369259991663094,369259991665385,369259992032625,369259992308042,369260011183384,369259991625490,8298363,369259992767208,369259995188406,369259995332417,369259996350698,369259997887469,10209,220052,369259997887469,369259997015906,369260023512417,369259996350698,
0,98469862,369260987071271,369260987071271,0,369260987475437,369260987477468,369260987798093,369260988103614,369260998737938,369260987443354,8298604,369260989359968,369260989401010,369260989534187,369260990443145,369260991658198,13125,276979,369260991658198,369260991117625,369261010969552,369260990443145,
0,98469876,369260995369875,369260995369875,0,369260996213562,369260996216218,369260996695541,369260997002416,369261007036542,369260996164968,8298604,369260997515906,369260997588198,369260997741375,369260998786687,369261000246791,11667,265782,369261000246791,369260999506687,369261019252833,369260998786687,
0,98470872,369261998013102,369261998013102,0,369261998767989,369261998772260,369261999421322,369261999818353,369262009679769,369261998703145,8287171,369262003042781,369262003160489,369262003475020,369262005743197,369262012677051,32084,540625,369262012677051,369262012376426,369262031820385,369262005743197,
0,98470879,369262006300273,369262006300273,0,369262007282728,369262007287156,369262008053978,369262008401999,369262026254111,369262007196843,8287171,369262008834812,369262012517468,369262012660280,369262013687103,369262015217833,11927,224323,369262015217833,369262014352676,369262040256999,369262013687103,
0,98471715,369262991415134,369262991415134,0,369262991855801,369262991858093,369262992272572,369262992634759,369263003081801,369262991819863,8264600,369262994230645,369262994295697,369262994511322,369262995777155,369263003158978,21771,392916,369263003158978,369263002322624,369263019403353,369262995777155,
0,98471722,369262999679734,369262999679734,0,369263000521426,369263000523457,369263000964082,369263001226374,369263019611001,369263000480697,8264600,369263001647780,369263002442884,369263002563249,369263003392572,369263004602416,9010,171719,369263004602416,369263003943457,369263027694968,369263003392572,
0,98472564,369263998622913,369263998622913,0,369263999074030,369263999075696,369263999386113,369263999776634,369264010289580,369263999040905,8291228,369264001862571,369264001931217,369264002184394,369264003731113,369264011476373,25938,524532,369264011476373,369264011219759,369264031962780,369264003731113,
0,98472571,369264006914141,369264006914141,0,369264007555176,369264007558196,369264008147415,369264008495280,369264026872036,369264007502519,8291228,369264009069707,369264011475488,369264011636165,369264012969551,369264015038978,13021,310208,369264015038978,369264013775696,369264040267623,369264012969551,
0,98473413,369265010550155,369265010550155,0,369265011003509,369265011005540,369265011349342,369265011711842,369265022216822,369265010972675,8285885,369265014035175,369265014136425,369265014347884,369265016429706,369265022683456,25105,224062,369265022683456,369265021991217,369265044386217,369265016429706,
0,98473420,369265018836040,369265018836040,0,369265019332623,369265019334081,369265019601269,369265019791009,369265038788592,369265019305227,8285885,369265020695644,369265022073769,369265022197311,369265022857363,369265024033613,7083,169739,369265024033613,369265023352727,369265052673144,369265022857363,
0,98473427,369265027121925,369265027121925,0,369265027859863,369265027862363,369265028307936,369265028553769,369265047074477,369265027775956,8285885,369265028972779,369265029030488,369265029138300,369265029945384,369265031187206,10625,185521,369265031187206,369265030510800,369265060966946,369265029945384,
0,98474280,369266014901548,369266014901548,0,369266015276216,369266015278456,369266015582310,369266015965331,369266026568215,369266015246946,8287514,369266018662935,369266018755539,369266019035123,369266020918925,369266028299914,30886,493594,369266028299914,369266027725227,369266048527571,369266020918925,
0,98474287,369266023189062,369266023189062,0,369266023951373,369266023955227,369266024511216,369266024799498,369266043143243,369266023892154,8287514,369266025245539,369266027862675,369266028051269,369266029108821,369266030350123,10989,219323,369266030350123,369266029742883,369266056822362,369266029108821,
0,98475122,369267010235615,369267010235615,0,369267010632518,369267010634393,369267010909497,369267011190227,369267021902282,369267010604497,8283114,369267012388612,369267012434602,369267012611893,369267013731216,369267020618664,23750,507292,369267020618664,369267020165643,369267035973872,369267013731216,
0,98475129,369267018518729,369267018518729,0,369267019242727,369267019245539,369267019744602,369267020174758,369267030185396,369267019183716,8283114,369267020778664,369267020890174,369267021121789,369267022066372,369267023257935,11562,197604,369267023257935,369267022643977,369267044315591,369267022066372,
0,98475971,369268022557152,369268022557152,0,369268023303299,369268023307570,369268023771997,369268024728716,369268034223819,369268023239601,8283028,369268028669705,369268028742101,369268029050591,369268030473976,369268037111164,22240,346458,369268037111164,369268036346268,369268056589393,369268030473976,
0,98475978,369268030840180,369268030840180,0,369268031349184,369268031352362,369268031829028,369268032135434,369268050789875,369268031304028,8283028,369268032546841,369268036494862,369268036640330,369268037586476,369268038853664,10572,205364,369268038853664,369268038196737,369268064863612,369268037586476,
0,98476813,369269027367667,369269027367667,0,369269028152465,369269028159340,369269028927830,369269029911007,369269039034334,369269028059444,8290000,369269033208819,369269033324965,369269033565278,369269034842465,369269041740330,23594,558386,369269041740330,369269041576007,369269060551319,369269034842465,
0,98477654,369270030457667,369270030457667,0,369270030921632,369270030925955,369270031327361,369270032336580,369270042124334,369270030863767,8290000,369270036231475,369270036314027,369270036680382,369270038311163,369270045465590,27761,605886,369270045465590,369270045238819,369270064649027,369270038311163,
0,98477661,369270038747667,369270038747667,0,369270039286267,369270039289392,369270039775277,369270040224132,369270058704334,369270039238038,8290000,369270040853923,369270045472413,369270045645017,369270046820121,369270048287569,10730,242657,369270048287569,369270047496996,369270072943194,369270046820121,
0,98478496,369271026304496,369271026304496,0,369271027023298,369271027028246,369271027668662,369271028388246,369271037971163,369271026952673,8282628,369271029479652,369271029593871,369271030256058,369271033603871,369271041216267,51041,773489,369271040985173,369271041216267,369271060471787,369271033603871,
0,98479359,369272039743558,369272039743558,0,369272040405016,369272040409808,369272040928037,369272041833923,369272051410225,369272040333193,8279457,369272046219079,369272046311058,369272046676266,369272048430277,369272055464027,30208,406093,369272055464027,369272054953766,369272072696162,369272048430277,
0,98479366,369272048023015,369272048023015,0,369272048580277,369272048582412,369272048903818,369272049163714,369272067969139,369272048548975,8279457,369272049561214,369272055085277,369272055231058,369272056334808,369272057637100,10677,303125,369272057637100,369272057137881,369272080972881,369272056334808,
0,98480201,369273044404343,369273044404343,0,369273044920797,369273044925016,369273045355380,369273046194808,369273056071010,369273044859755,8297621,369273050189130,369273050289495,369273050662985,369273052253245,369273059375537,28645,447135,369273059375537,369273058835641,369273076610016,369273052253245,
0,98480208,369273052701964,369273052701964,0,369273053260328,369273053262151,369273053643870,369273053976526,369273072666252,369273053225485,8297621,369273054446162,369273058955953,369273059109599,369273060220485,369273061497568,9687,196458,369273061497568,369273060856266,369273084882047,369273060220485,
0,98481036,369274039197719,369274039197719,0,369274043946005,369274043950536,369274044647359,369274045666890,369274050864386,369274043882620,8290885,369274049931474,369274050015380,369274050379078,369274051918765,369274059431995,27709,621250,369274059431995,369274059200276,369274089024703,369274051918765,
0,98481043,369274047488604,369274047488604,0,369274051029651,369274051032203,369274051407203,369274051679078,369274075737041,369274050989130,8290885,369274052180120,369274059399182,369274059578245,369274061154963,369274062501213,13646,365938,369274062501213,369274062073140,369274097295224,369274061154963,
0,98481893,369275051247734,369275051247734,0,369275052999755,369275053004182,369275053606786,369275054138609,369275062914401,369275052939026,8287800,369275056531734,369275056614182,369275056909026,369275058625015,369275066139651,31719,680781,369275066139651,369275065924807,369275084769651,369275058625015,
0,98481900,369275059535534,369275059535534,0,369275060244651,369275060249234,369275060836630,369275061213869,369275079490001,369275060179703,8287800,369275061853557,369275066130692,369275066325953,369275067861942,369275069288661,15208,374844,369275069288661,369275068888348,369275093037463,369275067861942,
0,98482728,369276046209244,369276046209244,0,369276050779911,369276050783452,369276051241369,369276052072671,369276057875911,369276050714650,8280942,369276055562515,369276056779702,369276057150431,369276058619338,369276065897254,28073,665729,369276065897254,369276065726473,369276080624806,369276058619338,
0,98482735,369276054490186,369276054490186,0,369276058164286,369276058166213,369276058559650,369276058795275,369276082718737,369276058126525,8280942,369276059167411,369276065935119,369276066160796,369276067755536,369276069127671,14532,372448,369276069127671,369276068747150,369276088862827,369276067755536,
0,98483577,369277051140334,369277051140334,0,369277053787619,369277053792514,369277054349858,369277054933139,369277062807001,369277053700796,8288000,369277056980431,369277057393973,369277057551681,369277058384650,369277063902098,14375,376979,369277063902098,369277063283921,369277084626785,369277058384650,
0,98484425,369278062276334,369278062276334,0,369278063915587,369278063918868,369278064559024,369278065074493,369278073943001,369278063856837,8288000,369278067446472,369278067533347,369278067805326,369278069683295,369278076993764,28125,550156,369278076993764,369278076433920,369278096758608,369278069683295,
0,98484432,369278070564334,369278070564334,0,369278071241837,369278071244649,369278071785274,369278072360483,369278090519001,369278071186212,8288000,369278073028191,369278076667045,369278076889649,369278078418504,369278079750170,16615,316406,369278079750170,369278079261941,369278105040691,369278078418504,
0,98485267,369279066404396,369279066404396,0,369279066897566,369279066900951,369279067317201,369279068379597,369279078071063,369279066832514,8280314,369279072667149,369279072748555,369279073117045,369279074746784,369279081648243,29166,731719,369279081648243,369279081561055,369279100738816,369279074746784,
0,98485274,369279074684710,369279074684710,0,369279075366420,369279075368607,369279075782357,369279076068295,369279094631691,369279075324284,8280314,369279076552357,369279081747514,369279081928816,369279083482357,369279085041576,15729,429896,369279085041576,369279084462514,369279108993868,369279083482357,
0,98486109,369280070859523,369280070859523,0,369280071453294,369280071457669,369280072133503,369280072898919,369280082526190,369280071374440,8284571,369280076734909,369280076811576,369280077121680,369280078576732,369280084686732,21979,280833,369280084686732,369280084095951,369280104634232,369280078576732,
0,98486116,369280079144094,369280079144094,0,369280079642878,369280079645482,369280080186263,369280080445065,369280099095332,369280079588138,8284571,369280080840638,369280084229232,369280084352982,369280085297097,369280086582930,10938,231302,369280086582930,369280085961680,369280112941940,369280085297097,
0,98486951,369281075222229,369281075222229,0,369281076928450,369281076931627,369281077519284,369281077972617,369281086888896,369281076874127,8288228,369281080241211,369281080296002,369281080482461,369281081481002,369281087921575,19062,253333,369281087921575,369281087326784,369281108626523,369281081481002,
0,98486958,369281083510457,369281083510457,0,369281084067929,369281084069023,369281084397982,369281084626054,369281103465352,369281084041054,8288228,369281084957304,369281087424596,369281087553971,369281088431523,369281089796211,8072,163541,369281089796211,369281088956419,369281116893502,369281088431523,
0,98487793,369282072124785,369282072124785,0,369282074534440,369282074539440,369282075131210,369282075738971,369282083791452,369282074448762,8298685,369282079070533,369282079140690,369282079402460,369282080606367,369282086673606,19896,411719,369282086673606,369282086313762,369254155764242,369282080606367,
0,98487800,369282080423470,369282080423470,0,369282080910637,369282080912200,369282081273867,369282081537044,369282100388822,369282080875012,8298685,369282081919231,369282086419648,369282086527773,369282087328085,369282088452356,8698,166250,369282088452356,369282087852408,369254164129763,369282087328085,
0,98489898,369283067968970,369283067968970,0,369283068623762,369283068625950,369283069003606,369283069300272,369283079635637,369283068572929,8298526,369283070638502,369283070688970,369283070836314,369283071649595,369283072441418,11510,374323,369283072441418,369283072396002,369254172417471,369283071649595,
0,98489920,369283076262608,369283076262608,0,369283076926002,369283076928397,369283077351627,369283077644022,369283087929275,369283076873710,8298013,369283078105012,369283078160897,369283078291418,369283079062981,369283080502356,12656,153907,369283080502356,369283079365116,369254180654242,369283079062981,
---PROFILEDATA---


View hierarchy:

  io.dcloud.uniappx/io.dcloud.uniappxv.UniAppActivity/android.view.ViewRootImpl@2e52680
  120 views, 246.05 kB of render nodes


Total ViewRootImpl   : 1
Total attached Views : 120
Total RenderNode     : 246.05 kB (used) / 724.30 kB (capacity)

