Applications Graphics Acceleration Info:
Uptime: 366445749 Realtime: 1328367212

** Graphics info for pid 6091 [io.dcloud.uniappx] **

Stats since: 366417840423605ns
Total frames rendered: 114
Janky frames: 25 (21.93%)
Janky frames (legacy): 34 (29.82%)
50th percentile: 5ms
90th percentile: 16ms
95th percentile: 36ms
99th percentile: 450ms
Number Missed Vsync: 7
Number High input latency: 97
Number Slow UI thread: 18
Number Slow bitmap uploads: 1
Number Slow issue draw commands: 20
Number Frame deadline missed: 25
Number Frame deadline missed (legacy): 32
HISTOGRAM: 5ms=65 6ms=10 7ms=4 8ms=0 9ms=1 10ms=4 11ms=2 12ms=6 13ms=4 14ms=4 15ms=2 16ms=1 17ms=1 18ms=2 19ms=1 20ms=0 21ms=0 22ms=0 23ms=0 24ms=1 25ms=0 26ms=0 27ms=0 28ms=0 29ms=0 30ms=0 31ms=0 32ms=0 34ms=0 36ms=1 38ms=0 40ms=0 42ms=0 44ms=0 46ms=1 48ms=0 53ms=1 57ms=0 61ms=0 65ms=0 69ms=0 73ms=0 77ms=0 81ms=0 85ms=0 89ms=0 93ms=0 97ms=0 101ms=0 105ms=0 109ms=0 113ms=0 117ms=0 121ms=0 125ms=0 129ms=0 133ms=0 150ms=1 200ms=0 250ms=0 300ms=0 350ms=0 400ms=0 450ms=2 500ms=0 550ms=0 600ms=0 650ms=0 700ms=0 750ms=0 800ms=0 850ms=0 900ms=0 950ms=0 1000ms=0 1050ms=0 1100ms=0 1150ms=0 1200ms=0 1250ms=0 1300ms=0 1350ms=0 1400ms=0 1450ms=0 1500ms=0 1550ms=0 1600ms=0 1650ms=0 1700ms=0 1750ms=0 1800ms=0 1850ms=0 1900ms=0 1950ms=0 2000ms=0 2050ms=0 2100ms=0 2150ms=0 2200ms=0 2250ms=0 2300ms=0 2350ms=0 2400ms=0 2450ms=0 2500ms=0 2550ms=0 2600ms=0 2650ms=0 2700ms=0 2750ms=0 2800ms=0 2850ms=0 2900ms=0 2950ms=0 3000ms=0 3050ms=0 3100ms=0 3150ms=0 3200ms=0 3250ms=0 3300ms=0 3350ms=0 3400ms=0 3450ms=0 3500ms=0 3550ms=0 3600ms=0 3650ms=0 3700ms=0 3750ms=0 3800ms=0 3850ms=0 3900ms=0 3950ms=0 4000ms=0 4050ms=0 4100ms=0 4150ms=0 4200ms=0 4250ms=0 4300ms=0 4350ms=0 4400ms=0 4450ms=0 4500ms=0 4550ms=0 4600ms=0 4650ms=0 4700ms=0 4750ms=0 4800ms=0 4850ms=0 4900ms=0 4950ms=0
50th gpu percentile: 2ms
90th gpu percentile: 8ms
95th gpu percentile: 8ms
99th gpu percentile: 8ms
GPU HISTOGRAM: 1ms=1 2ms=88 3ms=0 4ms=1 5ms=1 6ms=3 7ms=6 8ms=13 9ms=1 10ms=0 11ms=0 12ms=0 13ms=0 14ms=0 15ms=0 16ms=0 17ms=0 18ms=0 19ms=0 20ms=0 21ms=0 22ms=0 23ms=0 24ms=0 25ms=0 4950ms=0

Pipeline=Skia (OpenGL)
Memory policy:
  Max surface area: 4608000
  Max resource usage: 221.18MB (x48)
  Background retention: 50% (altUiHidden = true)
  GPU Context timeout: 10
Contexts: 1 (stopped = 0)
CPU Caches:
  Glyph Cache: 451.87 KB (1 entry)
  Glyph Count: 32 
Total CPU memory usage:
  462717 bytes, 451.87 KB (0.00 bytes is purgeable)
GPU Caches:
  Other:
    Other: 36.06 KB (1 entry)
    Buffer Object: 2.05 KB (2 entries)
  Image:
    Texture: 156.16 KB (3 entries)
  Scratch:
    Buffer Object: 48.00 KB (1 entry)
    Texture: 2.00 MB (1 entry)
Total GPU memory usage:
  2345236 bytes, 2.24 MB (141.19 KB is purgeable)

Profile data in ms:

	io.dcloud.uniappx/io.dcloud.uniappxv.UniAppActivity/android.view.ViewRootImpl@4ab0b60 (visibility=0)
Window: io.dcloud.uniappx/io.dcloud.uniappxv.UniAppActivity
Stats since: 366421187426468ns
Total frames rendered: 110
Janky frames: 23 (20.91%)
Janky frames (legacy): 31 (28.18%)
50th percentile: 5ms
90th percentile: 16ms
95th percentile: 24ms
99th percentile: 150ms
Number Missed Vsync: 6
Number High input latency: 97
Number Slow UI thread: 16
Number Slow bitmap uploads: 0
Number Slow issue draw commands: 19
Number Frame deadline missed: 23
Number Frame deadline missed (legacy): 29
HISTOGRAM: 5ms=65 6ms=10 7ms=3 8ms=0 9ms=1 10ms=4 11ms=1 12ms=5 13ms=4 14ms=4 15ms=2 16ms=1 17ms=1 18ms=2 19ms=1 20ms=0 21ms=0 22ms=0 23ms=0 24ms=1 25ms=0 26ms=0 27ms=0 28ms=0 29ms=0 30ms=0 31ms=0 32ms=0 34ms=0 36ms=1 38ms=0 40ms=0 42ms=0 44ms=0 46ms=1 48ms=0 53ms=1 57ms=0 61ms=0 65ms=0 69ms=0 73ms=0 77ms=0 81ms=0 85ms=0 89ms=0 93ms=0 97ms=0 101ms=0 105ms=0 109ms=0 113ms=0 117ms=0 121ms=0 125ms=0 129ms=0 133ms=0 150ms=1 200ms=0 250ms=0 300ms=0 350ms=0 400ms=0 450ms=1 500ms=0 550ms=0 600ms=0 650ms=0 700ms=0 750ms=0 800ms=0 850ms=0 900ms=0 950ms=0 1000ms=0 1050ms=0 1100ms=0 1150ms=0 1200ms=0 1250ms=0 1300ms=0 1350ms=0 1400ms=0 1450ms=0 1500ms=0 1550ms=0 1600ms=0 1650ms=0 1700ms=0 1750ms=0 1800ms=0 1850ms=0 1900ms=0 1950ms=0 2000ms=0 2050ms=0 2100ms=0 2150ms=0 2200ms=0 2250ms=0 2300ms=0 2350ms=0 2400ms=0 2450ms=0 2500ms=0 2550ms=0 2600ms=0 2650ms=0 2700ms=0 2750ms=0 2800ms=0 2850ms=0 2900ms=0 2950ms=0 3000ms=0 3050ms=0 3100ms=0 3150ms=0 3200ms=0 3250ms=0 3300ms=0 3350ms=0 3400ms=0 3450ms=0 3500ms=0 3550ms=0 3600ms=0 3650ms=0 3700ms=0 3750ms=0 3800ms=0 3850ms=0 3900ms=0 3950ms=0 4000ms=0 4050ms=0 4100ms=0 4150ms=0 4200ms=0 4250ms=0 4300ms=0 4350ms=0 4400ms=0 4450ms=0 4500ms=0 4550ms=0 4600ms=0 4650ms=0 4700ms=0 4750ms=0 4800ms=0 4850ms=0 4900ms=0 4950ms=0
50th gpu percentile: 2ms
90th gpu percentile: 8ms
95th gpu percentile: 8ms
99th gpu percentile: 8ms
GPU HISTOGRAM: 1ms=1 2ms=86 3ms=0 4ms=1 5ms=0 6ms=3 7ms=5 8ms=13 9ms=1 10ms=0 11ms=0 12ms=0 13ms=0 14ms=0 15ms=0 16ms=0 17ms=0 18ms=0 19ms=0 20ms=0 21ms=0 22ms=0 23ms=0 24ms=0 25ms=0 4950ms=0


RenderLite trim renderNode error: 0

---PROFILEDATA---
Flags,FrameTimelineVsyncId,IntendedVsync,Vsync,InputEventId,HandleInputStart,AnimationStart,PerformTraversalsStart,DrawStart,FrameDeadline,FrameInterval,FrameStartTime,SyncQueued,SyncStart,IssueDrawCommandsStart,SwapBuffers,FrameCompleted,DequeueBufferDuration,QueueBufferDuration,GpuCompleted,SwapBuffersCompleted,DisplayPresentTime,CommandSubmissionCompleted,
1,96080359,366422450451008,366422491895863,0,366422492780999,366422492785687,366422492979749,366422494514489,366422462117675,366422492411260,8288971,366422495295374,366422495403760,366422495488239,366422496084280,366422497640947,9427,210782,366422496883395,366422497640947,366422516195530,366422496084280,
0,96080617,366422583512966,366422998447616,0,366423003839020,366423003847405,366423004726676,366423009855113,366422595179633,366423003379384,8298693,366423035640061,366423035683343,366423036088238,366423044701207,366423045804072,11927,290000,366423045804072,366423045442301,366423063796259,366423044701207,
0,96080990,366423006616147,366423131058832,0,366423132441728,366423132447405,366423133892093,366423136343238,366423059906441,366423131913082,8296179,366423138259957,366423138311416,366423138517249,366423139591988,366423145050634,15312,674896,366423145050634,366423145013655,366423163385999,366423139591988,
0,96081006,366423139389021,366423164279643,0,366423166007405,366423166011832,366423166492249,366423166806155,366423159317857,366423165942405,8296874,366423170229541,366423170667770,366423171672770,366423175533447,366423176865113,33281,194948,366423176865113,366423176463395,366423196576572,366423175533447,
0,96081014,366423172553847,366423180850259,0,366423183683916,366423183688968,366423185296780,366423189859749,366423192540058,366423183613186,8296412,366423193829124,366423193905634,366423194087666,366423195982145,366423197370166,14479,211458,366423197370166,366423196626624,366423213150634,366423195982145,
0,96081022,366423189146671,366423189146671,0,366423197330218,366423197347718,366423198679541,366423199038343,366423209109750,366423197046468,8296412,366423200330478,366423200436520,366423200723395,366423201669645,366423204361988,11771,1060625,366423203123968,366423204361988,366423221430478,366423201669645,
0,96081030,366423205743294,366423205743294,0,366423206495270,366423206501884,366423207792145,366423208243186,366423217409961,366423206428186,8296482,366423209266051,366423209404801,366423209568551,366423210462978,366423211720426,14948,303750,366423211720426,366423211185009,366423229731155,366423210462978,
0,96081038,366423214044570,366423255526980,0,366423261116780,366423261122509,366423261867040,366423262211259,366423225711237,366423260653603,8296482,366423265156259,366423265196988,366423265308968,366423266296988,366423267860634,18229,257396,366423267860634,366423267019384,366423287823811,366423266296988,
0,96081053,366423263831814,366423263831814,0,366423271990218,366423271995686,366423272899697,366423275302197,366423283786611,366423271922822,8296949,366423278395426,366423278456572,366423278659332,366423279837718,366423281173915,12604,257969,366423281173915,366423280502613,366423296100061,366423279837718,
0,96081060,366423272128763,366423280425712,0,366423281883915,366423281889124,366423282636780,366423282951520,366423292083560,366423281820947,8296949,366423284485113,366423284522926,366423284623238,366423286864801,366423288235686,10677,223437,366423288235686,366423287480999,366423304391155,366423286864801,
0,96081628,366423686890739,366423686890739,0,366423688087822,366423688095842,366423688947301,366423689623499,366423698557406,366423687949280,8295863,366423690982249,366423691116311,366423691738967,366423695872353,366423697522405,41771,650677,366423697447457,366423697522405,366423710896884,366423695872353,
0,96081643,366423695218084,366423695218084,0,366423696480009,366423696486207,366423697371572,366423697890009,366423706884751,366423696397144,8298032,366423698762144,366423698800842,366423698923863,366423699767144,366423700970061,9323,186666,366423700970061,366423700349124,366423719186780,366423699767144,
0,96081658,366423703516679,366423703516679,0,366423704370217,366423704373863,366423704935894,366423705258811,366423715183346,366423704303603,8298032,366423705782926,366423705821051,366423705947144,366423707713030,366423709586884,8125,208803,366423709586884,366423708370530,366423727489019,366423707713030,
0,96081673,366423711805582,366423711805582,0,366423712825790,366423712830061,366423713478082,366423713891988,366423723472249,366423712759540,8297249,366423714567040,366423714614488,366423714755478,366423715446728,366423717028915,11146,253958,366423717028915,366423716135061,366423735855217,366423715446728,
0,96081688,366423720099460,366423720099460,0,366423721014592,366423721019853,366423721648394,366423722047665,366423731766127,366423720945842,8297249,366423722720478,366423722767197,366423722919228,366423723714592,366423725263915,11666,264584,366423725263915,366423724503707,366423744192301,366423723714592,
0,96081703,366423728390788,366423728390788,0,366423729254488,366423729259853,366423729937561,366423730372249,366423740057455,366423729178551,8296869,366423731080113,366423731140113,366423731307874,366423732303030,366423733931103,15208,335834,366423733931103,366423733191363,366423752399332,366423732303030,
0,96081718,366423736683991,366423736683991,0,366423737571259,366423737577769,366423738378342,366423738972144,366423748350658,366423737486728,8296617,366423739820374,366423739874280,366423740103811,366423741141155,366423742739332,16823,321667,366423742739332,366423742005999,366423760695842,366423741141155,
0,96081733,366423744994962,366423744994962,0,366423745746676,366423745749801,366423746471415,366423746798551,366423756661629,366423745692874,8298803,366423747318863,366423747387874,366423747505061,366423748216624,366423749777144,12083,196041,366423749777144,366423748855269,366423768937249,366423748216624,
0,96081755,366423753314996,366423753314996,0,366423754014072,366423754016728,366423754546884,366423754858134,366423764981663,366423753960894,8298803,366423755349957,366423755388082,366423755502353,366423757232978,366423758940894,12031,256041,366423758940894,366423757908394,366423777255113,366423757232978,
0,96081770,366423761613799,366423761613799,0,366423762310322,366423762313811,366423762829697,366423763164176,366423773280466,366423762248082,8298738,366423763722874,366423763757978,366423763872249,366423764495582,366423765969176,12031,186615,366423765969176,366423765077874,366423785519749,366423764495582,
0,96081778,366423769910033,366423769910033,0,366423770565322,366423770569488,366423771103551,366423771415530,366423781576700,366423770503290,8297726,366423771910582,366423771954228,366423772079488,366423772641259,366423774066832,10364,176875,366423774066832,366423773207926,366423793840061,366423772641259,
0,96081786,366423778189386,366423778189386,0,366423778762040,366423778765426,366423779213394,366423779507457,366423789856053,366423778709019,8297214,366423779966624,366423780032613,366423780447822,366423781976259,366423783506832,21770,437604,366423783506832,366423783061415,366423802129436,366423781976259,
0,96081794,366423786477906,366423786477906,0,366423786949332,366423786951832,366423787348186,366423787600165,366423798144573,366423786909384,8296160,366423788104644,366423788141728,366423788303811,366423788849644,366423790270009,9635,180365,366423790270009,366423789417769,366423810430269,366423788849644,
0,96081802,366423794757896,366423794757896,0,366423795402874,366423795405790,366423795876832,366423796198134,366423806424563,366423795350582,8295673,366423796664644,366423796697040,366423796799384,366423797366572,366423798800165,8958,231302,366423798800165,366423798028551,366423818717978,366423797366572,
0,96081810,366423803046228,366423803046228,0,366423803595842,366423803598759,366423803981051,366423804244384,366423814712895,366423803553238,8295323,366423804628499,366423804658759,366423804752405,366423805273655,366423806680842,8021,169843,366423806680842,366423805817665,366423827058134,366423805273655,
0,96081818,366423811335449,366423811335449,0,366423811879853,366423811882926,366423812312197,366423812559228,366423823002116,366423811838863,8294702,366423812939332,366423812970165,366423813063759,366423813589019,366423815014488,8386,172917,366423815014488,366423814162092,366423835348186,366423813589019,
0,96081826,366423819622526,366423819622526,0,366423820147301,366423820149957,366423820536363,366423820752144,366423831289193,366423820108030,8293745,366423821121728,366423821158342,366423821252353,366423821781363,366423823180165,8802,169427,366423823180165,366423822323967,366423843645322,366423821781363,
0,96081834,366423827905390,366423827905390,0,366423828749957,366423828753863,366423829254124,366423829531103,366423839572057,366423828702717,8293651,366423830005530,366423830049176,366423830172561,366423830837978,366423832425530,11563,235208,366423832425530,366423831519019,366423851943863,366423830837978,
0,96081842,366423836201400,366423836201400,0,366423836982978,366423836986519,366423837577874,366423837983134,366423847868067,366423836921988,8293500,366423838547092,366423838607249,366423838755738,366423839550947,366423841090426,13698,382031,366423841090426,366423840446572,366423860234697,366423839550947,
0,96081850,366423844496132,366423844496132,0,366423845323342,366423845327665,366423845932822,366423846285269,366423856162799,366423845258707,8293240,366423846845061,366423846896832,366423847039124,366423847791311,366423849345217,12032,348281,366423849345217,366423848706103,366423868531884,366423847791311,
0,96081858,366423852789773,366423852789773,0,366423853630947,366423853635634,366423854330634,366423854734436,366423864456440,366423853557509,8293240,366423855430530,366423855486780,366423855650530,366423856681572,366423858235634,14688,367135,366423858235634,366423857607717,366423876830634,366423856681572,
0,96081866,366423861106292,366423861106292,0,366423862053238,366423862058707,366423862901155,366423863379749,366423872772959,366423861964801,8295181,366423864301884,366423864404540,366423864600009,366423865553707,366423867208186,16771,371875,366423867208186,366423866483394,366423885128238,366423865553707,
0,96081874,366423869401344,366423869401344,0,366423870366155,366423870372457,366423871135634,366423871589853,366423881068011,366423870280426,8295040,366423872475582,366423872545790,366423872715009,366423873687769,366423875294905,15052,378802,366423875294905,366423874628082,366423893422874,366423873687769,
0,96081882,366423877696138,366423877696138,0,366423878570790,366423878576207,366423879356311,366423879816884,366423889362805,366423878486467,8294872,366423880773707,366423880847717,366423881024957,366423881954540,366423883566311,16615,375833,366423883566311,366423882882769,366423901735269,366423881954540,
0,96081890,366423885992853,366423885992853,0,366423886988186,366423886993394,366423887743499,366423888264696,366423897659520,366423886903811,8294874,366423889071051,366423889138238,366423889315686,366423890246988,366423891867353,19219,372292,366423891867353,366423891201780,366423909995426,366423890246988,
0,96081898,366423894288671,366423894288671,0,366423895192405,366423895198551,366423896103811,366423896443030,366423905955338,366423895100113,8294781,366423896992926,366423897053134,366423897201728,366423898011676,366423899598551,15208,288593,366423899598551,366423898918707,366423918335946,366423898011676,
0,96081906,366423902584742,366423902584742,0,366423903348446,366423903352509,366423903958759,366423904441519,366423914251409,366423903284436,8294735,366423904941103,366423904978603,366423905098603,366423905686832,366423907136103,10520,179271,366423907136103,366423906263863,366423926623655,366423905686832,
0,96081914,366423910895971,366423910895971,0,366423911394488,366423911396363,366423911747301,366423911960269,366423922562638,366423911360999,8297484,366423912691311,366423913135582,366423913256780,366423913891728,366423917093655,11250,267917,366423917093655,366423914413915,366423934919853,366423913891728,
0,96081922,366423919206012,366423919206012,0,366423919958707,366423919961884,366423920825790,366423921244019,366423930872679,366423919895478,8298363,366423921925894,366423921973811,366423922094853,366423922770790,366423924293082,13177,241979,366423924293082,366423923459176,366423943213499,366423922770790,
0,96081930,366423927514710,366423927514710,0,366423928446051,366423928450842,366423929175321,366423929608186,366423939181377,366423928368446,8299108,366423930330478,366423930381728,366423930512509,366423931240946,366423932767978,12969,266875,366423932767978,366423931979176,366423951510165,366423931240946,
0,96081938,366423935821158,366423935821158,0,366423936959696,366423936965478,366423937710634,366423938173603,366423947487825,366423936877613,8298981,366423938913915,366423938968499,366423939108603,366423939880946,366423941545321,14375,313282,366423941545321,366423940766884,366423959798863,366423939880946,
0,96081946,366423944118574,366423944118574,0,366423945048655,366423945053290,366423945773915,366423946228186,366423955785241,366423944967301,8298981,366423946658446,366423946737040,366423946874488,366423947605061,366423949148446,14114,275157,366423949148446,366423948402353,366423968115009,366423947605061,
0,96082137,366424994132155,366424994132155,0,366424995712613,366424995714071,366424995988498,366424996261154,366425005798822,366424995682300,8333333,366424997797248,366424997847248,366424997982769,366424999296154,366425004933654,16667,247969,366425004933654,366425004377665,366425021773186,366424999296154,
0,96082144,366425002465488,366425002465488,0,366425002988134,366425002989644,366425003231727,366425003404436,366425014132155,366425002962144,8333333,366425004388186,366425004542404,366425004629800,366425005400686,366425006556727,8385,167812,366425006556727,366425005923081,366425030057873,366425005400686,
0,96082152,366425014499666,366425014499666,0,366425015312561,366425015315790,366425015937613,366425016423394,366425026166333,366425015248290,8333333,366425017875686,366425017944175,366425018126623,366425019545998,366425020942769,17291,335573,366425020942769,366425020472821,366425038349800,366425019545998,
0,96082160,366425022832999,366425022832999,0,366425023568290,366425023572144,366425024246415,366425024643550,366425034499666,366425023510790,8333333,366425026035581,366425026107092,366425026277665,366425027684592,366425029215686,17447,382448,366425029215686,366425028657300,366425046642977,366425027684592,
0,96082168,366425031166332,366425031166332,0,366425031901259,366425031904696,366425032704540,366425033048863,366425042832999,366425031844748,8333333,366425034419279,366425034494123,366425034738342,366425036064436,366425037377769,16094,304271,366425037377769,366425036899592,366425054951727,366425036064436,
0,96082176,366425039499665,366425039499665,0,366425040497925,366425040502196,366425041213706,366425041641519,366425051166332,366425040413446,8311571,366425043254279,366425043357717,366425043501831,366425044706623,366425045968811,14167,290521,366425045968811,366425045491415,366425063231779,366425044706623,
0,96082184,366425047629713,366425047629713,0,366425048510477,366425048514227,366425049160217,366425049591259,366425059296380,366425048415425,8311571,366425051117456,366425051207144,366425051369331,366425052558550,366425053937665,13907,303333,366425053937665,366425053362404,366425071526363,366425052558550,
0,96082192,366425055894833,366425055894833,0,366425056950009,366425056953029,366425057479436,366425057745217,366425067561500,366425056900634,8305997,366425058722040,366425058775165,366425058899800,366425059828706,366425061289800,13646,211406,366425061289800,366425060494123,366425079826884,366425059828706,
0,96082200,366425064181994,366425064181994,0,366425064977925,366425064980790,366425065475894,366425065740061,366425075848661,366425064930686,8301337,366425066769384,366425066826675,366425066951154,366425067894071,366425069192769,11719,222500,366425069192769,366425068588550,366425088157092,366425067894071,
0,96082208,366425072461084,366425072461084,0,366425073211831,366425073214696,366425073720321,366425074008134,366425084127751,366425073159279,8301337,366425074988134,366425075058915,366425075190790,366425076153081,366425077454331,11458,237396,366425077454331,366425076830946,366425096491363,366425076153081,
0,96082216,366425080745112,366425080745112,0,366425081502769,366425081505477,366425081948134,366425082201623,366425092411779,366425081455581,8299662,366425083080269,366425083120061,366425083239436,366425084161519,366425085505061,11094,192553,366425085505061,366425084759071,366425104722717,366425084161519,
0,96082224,366425089035150,366425089035150,0,366425089731779,366425089734175,366425090207561,366425090462352,366425100701817,366425089684384,8298787,366425091482717,366425091529644,366425091656623,366425092617092,366425093984488,12135,208646,366425093984488,366425093247769,366425113013342,366425092617092,
0,96082232,366425097342151,366425097342151,0,366425098066467,366425098069436,366425098590634,366425098878967,366425109008818,366425098016206,8301063,366425100101050,366425100161675,366425100287873,366425101312300,366425102574748,13645,243021,366425102574748,366425102010894,366425121312717,366425101312300,
0,96082240,366425105661029,366425105661029,0,366425106343654,366425106346884,366425106840321,366425107107404,366425117327696,366425106296884,8300059,366425108247040,366425108301050,366425108420269,366425109366154,366425110587977,12343,221928,366425110587977,366425110015529,366425129607040,366425109366154,
0,96082248,366425113949042,366425113949042,0,366425114654904,366425114658342,366425115176988,366425115466727,366425125615709,366425114600165,8299171,366425116716884,366425116770686,366425116897613,366425117904540,366425119222300,11979,246510,366425119222300,366425118597040,366425137905425,366425117904540,
0,96082256,366425122236964,366425122236964,0,366425122970477,366425122974123,366425123572404,366425123893186,366425133903631,366425122911571,8298581,366425125270894,366425125362352,366425125515946,366425126848915,366425128415894,14843,312084,366425128415894,366425127510634,366425146205790,366425126848915,
0,96082264,366425130527680,366425130527680,0,366425131324488,366425131328186,366425131948550,366425132383134,366425142194347,366425131260477,8298093,366425133778863,366425133830373,366425133951050,366425134904956,366425136327977,12240,228854,366425136327977,366425135571311,366425154480998,366425134904956,
0,96082272,366425138818940,366425138818940,0,366425139696363,366425139700217,366425142644384,366425143087717,366425150485607,366425139627248,8298093,366425144658342,366425145101623,366425145243967,366425146872300,366425148283759,13437,208541,366425148283759,366425147502613,366425162749488,366425146872300,
0,96082280,366425147111740,366425147111740,0,366425150067665,366425150071154,366425150589488,366425150930061,366425158778407,366425150013550,8297755,366425152409800,366425152463290,366425152591831,366425153507509,366425154892040,13750,184062,366425154892040,366425154146936,366425171062769,366425153507509,
0,96082295,366425155406227,366425155406227,0,366425155985529,366425155987300,366425156397665,366425156671519,366425167072894,366425155944696,8297090,366425157622977,366425157655529,366425157740790,366425158461050,366425159829904,9167,179687,366425159829904,366425159027248,366425179376571,366425158461050,
0,96082310,366425163695876,366425163695876,0,366425164175373,366425164177456,366425164520477,366425164767196,366425175362543,366425164139644,8295832,366425165580321,366425165609852,366425165688081,366425166358290,366425167540165,7395,149375,366425167540165,366425166857717,366425187670269,366425166358290,
0,96082318,366425171974718,366425171974718,0,366425172617040,366425172620061,366425173091311,366425173391154,366425183641385,366425172568394,8294794,366425175151727,366425175194331,366425175312561,366425176504592,366425177712092,10520,274063,366425177712092,366425177217613,366425195972821,366425176504592,
0,96082326,366425180257493,366425180257493,0,366425181031623,366425181034644,366425181623394,366425181988133,366425191924160,366425180971831,8294794,366425183896311,366425183961102,366425184196883,366425185304904,366425186622873,17552,282032,366425186622873,366425186050113,366425204259696,366425185304904,
0,96082334,366425188544942,366425188544942,0,366425189388133,366425189392352,366425190092092,366425190498967,366425200211609,366425189311936,8294051,366425191968238,366425192143654,366425192279956,366425193347561,366425194704592,12760,211927,366425194704592,366425193966415,366425212516415,366425193347561,
0,96082342,366425196842805,366425196842805,0,366425197568706,366425197572873,366425198097092,366425198415790,366425208509472,366425197509800,8294542,366425199469227,366425199536519,366425199653602,366425200599383,366425201826883,12448,218073,366425201826883,366425201215529,366425220835894,366425200599383,
0,96082350,366425205140374,366425205140374,0,366425205747821,366425205750217,366425206207352,366425206487665,366425216807041,366425205696727,8294696,366425207443811,366425207509227,366425207673081,366425208502144,366425209611571,9375,165938,366425209611571,366425209026102,366425229126154,366425208502144,
0,96082358,366425213436788,366425213436788,0,366425214010790,366425214013811,366425214502873,366425214799436,366425225103455,366425213960425,8293928,366425215801727,366425215846779,366425215947300,366425216856102,366425218120633,9480,190000,366425218120633,366425217441988,366425237427873,366425216856102,
0,96082366,366425221720092,366425221720092,0,366425222293238,366425222295998,366425222770686,366425223022613,366425233386759,366425222253186,8293767,366425223978654,366425224035894,366425224138654,366425224974748,366425226202769,8646,192031,366425226202769,366425225562196,366425245730113,366425224974748,
0,96082374,366425230012127,366425230012127,0,366425230519227,366425230521623,366425230898550,366425231133602,366425241678794,366425230477196,8293326,366425232040425,366425232075686,366425232183915,366425232969279,366425234107769,13125,238594,366425234107769,366425233588498,366425254044748,366425232969279,
0,96082382,366425238300892,366425238300892,0,366425238839956,366425238842717,366425239224436,366425239459279,366425249967559,366425238795842,8292983,366425240433394,366425240473133,366425240569800,366425241396675,366425242575113,8906,177031,366425242575113,366425241957925,366425262344852,366425241396675,
0,96082390,366425246591337,366425246591337,0,366425247085894,366425247087977,366425247448706,366425247657977,366425258258004,366425247049800,8292828,366425248893758,366425248949540,366425249071779,366425250054592,366425251322561,11823,234687,366425251322561,366425250723238,366425270626831,366425250054592,
0,96082398,366425254884406,366425254884406,0,366425255600894,366425255604019,366425256315269,366425256698029,366425266551073,366425255547144,8293504,366425257688133,366425257764696,366425257909800,366425259082404,366425260446675,14375,277500,366425260446675,366425259842404,366425278974540,366425259082404,
0,96083171,366426167496099,366426167496099,0,366426170888758,366426170893498,366426171589175,366426171969800,366426179162766,366426170812560,8296105,366426173801102,366426173862873,366426174068289,366426175678237,366426182670060,25990,400312,366426182670060,366426182300060,366426199703966,366426175678237,
0,96083178,366426175792204,366426175792204,0,366426176509800,366426176512352,366426176887404,366426177136831,366426195754976,366426176467821,8296105,366426177556883,366426182460060,366426182588029,366426183506779,366426184776727,10261,291719,366426184776727,366426184222144,366426207975269,366426183506779,
0,96084020,366427169599457,366427169599457,0,366427170258289,366427170263029,366427170950737,366427171387456,366427181266124,366427170187820,8282428,366427173037872,366427173098497,366427173287664,366427174746101,366427182325945,25417,542291,366427182325945,366427181812560,366427203533237,366427174746101,
0,96084027,366427177881885,366427177881885,0,366427178533549,366427178536101,366427179001935,366427179305216,366427197830980,366427178485737,8282428,366427179795268,366427181963810,366427182098706,366427183174695,366427184708914,11718,230833,366427184708914,366427183862716,366427211832768,366427183174695,
0,96084869,366428174470896,366428174470896,0,366428175132299,366428175134434,366428175403862,366428175731309,366428186137563,366428175103028,8291228,366428177802455,366428177901830,366428178131830,366428179616882,366428186784018,24636,537240,366428186784018,366428186520893,366428207398809,366428179616882,
0,96084876,366428182762124,366428182762124,0,366428183638966,366428183642716,366428184217247,366428184572039,366428202720019,366428183583445,8291228,366428185129591,366428186787559,366428186971205,366428188296362,366428189633653,13490,256355,366428189633653,366428189030632,366428215650268,366428188296362,
0,96086086,366429178617894,366429178617894,0,366429180821101,366429180823965,366429181231153,366429181686049,366429190284561,366429180774747,8292370,366429183542090,366429183608757,366429183835840,366429185362976,366429192445372,25312,320104,366429192445372,366429191735840,366429219501778,366429185362976,
0,96086093,366429186910264,366429186910264,0,366429187508080,366429187510528,366429187906986,366429188200736,366429206869301,366429187466205,8292370,366429188619903,366429191859747,366429191962767,366429193026569,366429194499382,9635,215313,366429194499382,366429193664903,366429227788392,366429193026569,
0,96086935,366430189951256,366430189951256,0,366430190621621,366430190626361,366430191336673,366430191770684,366430201617923,366430190548913,8287171,366430194382194,366430194464850,366430194720944,366430196770267,366430203852350,31146,497552,366430203852350,366430203498652,366430223303652,366430196770267,
0,96086942,366430198238427,366430198238427,0,366430198953548,366430198957923,366430199545736,366430199954277,366430218192265,366430198887090,8287171,366430200493079,366430203637819,366430203781882,366430204813392,366430206087975,11407,204896,366430206087975,366430205427819,366430231575632,366430204813392,
0,96087770,366431177529401,366431177529401,0,366431179665058,366431179667350,366431180111152,366431180468131,366431189196068,366431179623183,8290200,366431180972194,366431181029746,366431181193392,366431182490110,366431189949642,23906,413072,366431189949642,366431189401465,366431210576881,366431182490110,
0,96088626,366432190243147,366432190243147,0,366432190757870,366432190760214,366432191074016,366432191430475,366432201909814,366432190726100,8292485,366432192923235,366432192975006,366432193136672,366432194261933,366432201341412,20521,305625,366432201341412,366432200597193,366432214483912,366432194261933,
0,96088633,366432198535632,366432198535632,0,366432199017297,366432199019172,366432199356204,366432199601100,366432210202299,366432198982975,8292485,366432200071933,366432200717610,366432200819485,366432201715787,366432202943339,9636,195729,366432202943339,366432202311516,366432222749693,366432201715787,
0,96089475,366433193409729,366433193409729,0,366433194062662,366433194066464,366433194712662,366433195138443,366433205076396,366433193997193,8288914,366433196868235,366433196955214,366433197183130,366433198656308,366433205821620,27761,410937,366433205821620,366433205347349,366433226573912,366433198656308,
0,96089482,366433201698643,366433201698643,0,366433202356099,366433202357818,366433202772974,366433203064589,366433221654224,366433202320787,8288914,366433203500630,366433205490578,366433205587662,366433206322349,366433207640162,8958,155520,366433207640162,366433206867610,366433234820943,366433206322349,
0,96090324,366434205818365,366434205818365,0,366434206293547,366434206296463,366434206789953,366434207239224,366434217485032,366434206248390,8291657,366434209497297,366434209580526,366434209833703,366434211530057,366434219879745,31198,643958,366434219879745,366434219349536,366434238521151,366434211530057,
0,96090331,366434214110022,366434214110022,0,366434214802453,366434214806411,366434215370786,366434215775890,366434234068346,366434214742036,8291657,366434216529380,366434219521359,366434219677505,366434221034172,366434222677245,13959,294792,366434222677245,366434221807453,366434246783599,366434221034172,
0,96091190,366435201816708,366435201816708,0,366435202234380,366435202236776,366435202583963,366435202871880,366435213483375,366435202199276,8297052,366435204212088,366435204253651,366435204385213,366435205619276,366435212403078,15938,340990,366435212403078,366435211926880,366435225794848,366435205619276,
0,96091197,366435210113760,366435210113760,0,366435210709744,366435210712296,366435211094744,366435211380942,366435221780427,366435210668963,8297052,366435211877817,366435212094640,366435212224536,366435213235213,366435214622869,11615,219792,366435214622869,366435213886776,366435234051619,366435213235213,
0,96092039,366436213388907,366436213388907,0,366436214925056,366436214929744,366436215543233,366436216120317,366436225055574,366436214867296,8292085,366436218626254,366436218717869,366436218984223,366436220788442,366436228123650,31823,462761,366436228123650,366436227437973,366436246478390,366436220788442,
0,96092046,366436221680992,366436221680992,0,366436222295942,366436222299067,366436222803963,366436223192765,366436241639744,366436222243911,8292085,366436223863546,366436227612036,366436227808181,366436229330629,366436230677765,16511,334218,366436230677765,366436230180317,366436254731306,366436229330629,
0,96092881,366437218687589,366437218687589,0,366437219748077,366437219750421,366437220190473,366437220526775,366437230354256,366437219708598,8302171,366437221530577,366437221599275,366437221751775,366437222770160,366437228843025,20521,382135,366437228843025,366437228393441,366437242190004,366437222770160,
0,96093708,366438206645938,366438206645938,0,366438210323910,366438210328754,366438210924951,366438211326826,366438218312605,366438210259639,8302171,366438213254483,366438213319743,366438213511149,366438215062139,366438221402764,23021,430260,366438221402764,366438220967347,366438245976879,366438215062139,
0,96093715,366438214948109,366438214948109,0,366438215602191,366438215604795,366438216069951,366438216418441,366438234916947,366438215560316,8302171,366438217031045,366438221204847,366438221342608,366438222434535,366438223790785,10781,242656,366438223790785,366438223096566,366438254254691,366438222434535,
0,96094557,366439224754201,366439224754201,0,366439225395941,366439225399639,366439225896409,366439226318753,366439236420868,366439225349014,8287600,366439227932086,366439227992659,366439228272972,366439229650889,366439237064691,26406,740156,366439237064691,366439236981722,366439257846097,366439229650889,
0,96094564,366439233041801,366439233041801,0,366439233636722,366439233640472,366439234114534,366439234494534,366439252996068,366439233588597,8287600,366439235169743,366439237164274,366439237324170,366439238570628,366439239881722,12292,293281,366439239881722,366439239360211,366439266098024,366439238570628,
0,96095392,366440220423234,366440220423234,0,366440224362867,366440224367607,366440224873805,366440225846461,366440232089901,366440224293440,8290914,366440230253284,366440230343805,366440230666461,366440232414274,366440240262815,30313,396614,366440240262815,366440239149534,366440253196669,366440232414274,
0,96095399,366440228714148,366440228714148,0,366440231912034,366440231915159,366440232396409,366440232644534,366440256962643,366440231861774,8290914,366440233053857,366440239277034,366440239401930,366440240546097,366440242098388,9583,288333,366440242098388,366440241326878,366440261448440,366440240546097,
0,96096417,366441224095442,366441224095442,0,366441225897450,366441225902815,366441226442450,366441227099950,366441235762109,366441225819690,8291257,366441230227919,366441230375315,366441230796565,366441233251357,366441238610054,30990,558959,366441238598752,366441238610054,366441256995054,366441233251357,
0,96096424,366441232386699,366441232386699,0,366441233046096,366441233050784,366441233587346,366441234129846,366441252344623,366441232975575,8291257,366441235097138,366441238762242,366441239193648,366441241483284,366441242673596,17187,368073,366441242673596,366441242404898,366441265283961,366441241483284,
0,96097259,366442226554729,366442226554729,0,366442230488231,366442230493596,366442230949117,366442231812814,366442238221396,366442230416460,8279514,366442235420419,366442236666564,366442237009585,366442238580314,366442246039064,27187,477760,366442246039064,366442245532971,366442260838908,366442238580314,
0,96097266,366442234834243,366442234834243,0,366442238178544,366442238181773,366442238642554,366442238891877,366442263059938,366442238132919,8279514,366442239292814,366442245707242,366442245855262,366442247096044,366442248680471,13333,294219,366442248680471,366442247885523,366442269117867,366442247096044,
0,96098101,366443231569163,366443231569163,0,366443236149689,366443236154220,366443236778856,366443237811460,366443243235830,366443236051616,8289628,366443241025939,366443241152658,366443241482606,366443243032293,366443250211147,32136,626354,366443250211147,366443249957658,0,366443243032293,
0,96098957,366444243908111,366444243908111,0,366444244518387,366444244523178,366444244992501,366444245861303,366444255574778,366444244450678,8287228,366444248513439,366444248676876,366444249011199,366444250808699,366444257982553,32917,573229,366444257982553,366444257760157,0,366444250808699,
0,96099791,366445238375471,366445238375471,0,366445242730053,366445242733959,366445243329272,366445243694272,366445250042138,366445242668751,8287228,366445245215990,366445245275626,366445245454272,366445246675365,366445253430053,21510,389271,366445253430053,366445252904740,0,366445246675365,
0,96099798,366445246662699,366445246662699,0,366445247218595,366445247220053,366445247509584,366445247746459,366445266616594,366445247188751,8287228,366445248260001,366445253047657,366445253204324,366445254219063,366445255623595,10990,186042,366445255623595,366445254811459,0,366445254219063,
---PROFILEDATA---


View hierarchy:

  io.dcloud.uniappx/io.dcloud.uniappxv.UniAppActivity/android.view.ViewRootImpl@4ab0b60
  88 views, 186.12 kB of render nodes


Total ViewRootImpl   : 1
Total attached Views : 88
Total RenderNode     : 186.12 kB (used) / 570.17 kB (capacity)

